4519,10091052992,P,00102,Knud Noor                          ,Byrkjeland                         ,N,N,N,J,N,KUNDER UNDER 18 ÅR                 ,N,N,N,N,N,N,N,N,N,N,N
4519,29080840940,P,01200,Ingerd Janne                       ,Gleditsch                          ,N,N,N,J,N,KUNDER UNDER 18 ÅR                 ,N,N,N,N,N,N,N,N,N,N,N
4519,29011007919,P,01200,Gerd Holger                        ,Mork                               ,N,N,N,J,N,KUNDER UNDER 18 ÅR                 ,N,N,N,N,N,N,N,N,N,N,N
4519,06020820673,P,00800,Kristi Janne                       ,Idsø                               ,N,N,N,J,N,KUNDER UNDER 18 ÅR                 ,N,N,N,N,N,N,N,N,N,N,N
4519,14071527841,P,00900,Herman Thorbjørg                   ,Anwar                              ,N,N,N,J,N,KUNDER UNDER 18 ÅR                 ,N,N,N,N,N,N,N,N,N,N,N
4519,29081007797,P,00102,Ramune Herleif                     ,Rønningen                          ,N,N,N,J,N,KUNDER UNDER 18 ÅR                 ,N,N,N,N,N,N,N,N,N,N,N
4519,08100933145,P,00102,Normann Farah                      ,Osmundsen                          ,N,N,N,J,N,KUNDER UNDER 18 ÅR                 ,N,N,N,N,N,N,N,N,N,N,N
4519,23100634457,P,01200,Oskar Solveig                      ,Kirkerud                           ,N,N,N,J,N,KUNDER UNDER 18 ÅR                 ,N,N,N,N,N,N,N,N,N,N,N
4519,28121228426,P,00102,Gloria Sune                        ,Søderholm                          ,N,N,N,J,N,KUNDER UNDER 18 ÅR                 ,N,N,N,N,N,N,N,N,N,N,N
4519,05041122465,P,00102,Benny Paulina                      ,Amin                               ,N,N,N,J,N,KUNDER UNDER 18 ÅR                 ,N,N,N,N,N,N,N,N,N,N,N
4519,25020909156,P,00900,Zlatko Minda                       ,Leonhardsen                        ,N,N,N,J,N,KUNDER UNDER 18 ÅR                 ,N,N,N,N,N,N,N,N,N,N,N
4519,11081523721,P,00102,Edgar Ingela                       ,Bergli                             ,N,N,N,J,N,KUNDER UNDER 18 ÅR                 ,N,N,N,N,N,N,N,N,N,N,N
4519,18010832191,P,00800,Victor Sharon                      ,Pladsen                            ,N,N,N,J,N,KUNDER UNDER 18 ÅR                 ,N,N,N,N,N,N,N,N,N,N,N
4519,10081664043,P,00102,Sead Tania                         ,Kvinge                             ,N,N,N,J,N,KUNDER UNDER 18 ÅR                 ,N,N,N,N,N,N,N,N,N,N,N
4519,23090637495,P,00800,Justas Ayse                        ,Grønning                           ,N,N,N,J,N,KUNDER UNDER 18 ÅR                 ,N,N,N,N,N,N,N,N,N,N,N
4519,15020613758,P,01200,Zlatko Tove                        ,Kilen                              ,N,N,N,J,N,KUNDER UNDER 18 ÅR                 ,N,N,N,N,N,N,N,N,N,N,N
4519,29030620095,P,00102,Irena Alv                          ,Hernes                             ,N,N,N,J,N,KUNDER UNDER 18 ÅR                 ,N,N,N,N,N,N,N,N,N,N,N
4519,18110740413,P,00102,Lilly Lars-Erik                    ,Sørbø                              ,N,N,N,J,N,KUNDER UNDER 18 ÅR                 ,N,N,N,N,N,N,N,N,N,N,N
4519,16121001008,P,01200,Laima Magnus                       ,Saeed                              ,N,N,N,J,N,KUNDER UNDER 18 ÅR                 ,N,N,N,N,N,N,N,N,N,N,N
4519,28120612133,P,00800,Marika Hans-Christian              ,Håland                             ,N,N,N,J,N,KUNDER UNDER 18 ÅR                 ,N,N,N,N,N,N,N,N,N,N,N
4519,23031021391,P,00800,Torkell Herbjørg                   ,Tonstad                            ,N,N,N,J,N,KUNDER UNDER 18 ÅR                 ,N,N,N,N,N,N,N,N,N,N,N
4519,01041504982,P,00102,Ingmar Mathea                      ,Myrhaug                            ,N,N,N,J,N,KUNDER UNDER 18 ÅR                 ,N,N,N,N,N,N,N,N,N,N,N
4519,17070758210,P,00900,Samina Hallgeir                    ,Zielinski                          ,N,N,N,J,N,KUNDER UNDER 18 ÅR                 ,N,N,N,N,N,N,N,N,N,N,N
4519,19050926918,P,00102,Alla Viktors                       ,Sørum                              ,N,N,N,J,N,KUNDER UNDER 18 ÅR                 ,N,N,N,N,N,N,N,N,N,N,N
4519,06041228448,P,01200,Nikita Hilde                       ,Voll                               ,N,N,N,J,N,KUNDER UNDER 18 ÅR                 ,N,N,N,N,N,N,N,N,N,N,N
4519,02060730396,P,00102,Serina Herleif                     ,Fadnes                             ,N,N,N,J,N,KUNDER UNDER 18 ÅR                 ,N,N,N,N,N,N,N,N,N,N,N
4519,02080908353,P,00900,Mindor Elfrid                      ,Rønningen                          ,N,N,N,J,N,KUNDER UNDER 18 ÅR                 ,N,N,N,N,N,N,N,N,N,N,N
4519,05060816664,P,00102,Catharina Haakon                   ,Voll                               ,N,N,N,J,N,KUNDER UNDER 18 ÅR                 ,N,N,N,N,N,N,N,N,N,N,N
4519,23011320309,P,00102,Geir Malin                         ,Rikardsen                          ,N,N,N,J,N,KUNDER UNDER 18 ÅR                 ,N,N,N,N,N,N,N,N,N,N,N
4519,16010904823,P,01200,Nanny Jan-Inge                     ,Nordnes                            ,N,N,N,J,N,KUNDER UNDER 18 ÅR                 ,N,N,N,N,N,N,N,N,N,N,N
4519,21041279807,P,00102,Runi Istvan                        ,Hovden                             ,N,N,N,J,N,KUNDER UNDER 18 ÅR                 ,N,N,N,N,N,N,N,N,N,N,N
4519,29060700050,P,00102,Idun Biniam                        ,Hol                                ,N,N,N,J,N,KUNDER UNDER 18 ÅR                 ,N,N,N,N,N,N,N,N,N,N,N
4519,27040731399,P,00102,Kristin Mahdi                      ,Krogstad                           ,N,N,N,J,N,KUNDER UNDER 18 ÅR                 ,N,N,N,N,N,N,N,N,N,N,N
4519,09081427310,P,01200,Anna Nils-Petter                   ,Bru                                ,N,N,N,J,N,KUNDER UNDER 18 ÅR                 ,N,N,N,N,N,N,N,N,N,N,N
4519,19041034435,P,00102,Hallstein Ann-Elin                 ,Steinnes                           ,N,N,N,J,N,KUNDER UNDER 18 ÅR                 ,N,N,N,N,N,N,N,N,N,N,N
4519,23051475976,P,00102,Susann Trym                        ,Borge                              ,N,N,N,J,N,KUNDER UNDER 18 ÅR                 ,N,N,N,N,N,N,N,N,N,N,N
4519,01061325073,P,00800,Radoslaw Ingeborg                  ,Skauen                             ,N,N,N,J,N,KUNDER UNDER 18 ÅR                 ,N,N,N,N,N,N,N,N,N,N,N
4519,20110753692,P,00900,Cecilia Duy                        ,Isaksen                            ,N,N,N,J,N,KUNDER UNDER 18 ÅR                 ,N,N,N,N,N,N,N,N,N,N,N
4519,11060611922,P,00102,Henrik Elina                       ,Einan                              ,N,N,N,J,N,KUNDER UNDER 18 ÅR                 ,N,N,N,N,N,N,N,N,N,N,N
4519,09091220390,P,00102,Denis Thorunn                      ,Hausken                            ,N,N,N,J,N,KUNDER UNDER 18 ÅR                 ,N,N,N,N,N,N,N,N,N,N,N
4519,30120734926,P,01200,Denise Gard                        ,Lilleby                            ,N,N,N,J,N,KUNDER UNDER 18 ÅR                 ,N,N,N,N,N,N,N,N,N,N,N
4519,10031072978,P,01200,Cynthia Knut-Erik                  ,Haukedal                           ,N,N,N,J,N,KUNDER UNDER 18 ÅR                 ,N,N,N,N,N,N,N,N,N,N,N
4519,15020622099,P,00900,Darius Mia                         ,Nyheim                             ,N,N,N,J,N,KUNDER UNDER 18 ÅR                 ,N,N,N,N,N,N,N,N,N,N,N
4519,27050707313,P,00102,Mehmed Jannie                      ,Solhaug                            ,N,N,N,J,N,KUNDER UNDER 18 ÅR                 ,N,N,N,N,N,N,N,N,N,N,N
4519,30060832796,P,01200,Yassin Judy                        ,Tømmerås                           ,N,N,N,J,N,KUNDER UNDER 18 ÅR                 ,N,N,N,N,N,N,N,N,N,N,N
4519,19050960946,P,00800,Magni Sorin                        ,Teigland                           ,N,N,N,J,N,KUNDER UNDER 18 ÅR                 ,N,N,N,N,N,N,N,N,N,N,N
4519,26020621124,P,00800,Arnulf Cristina                    ,Broen                              ,J,N,N,J,N,KUNDER UNDER 18 ÅR                 ,N,N,N,N,N,N,N,N,N,N,N
4519,25061106564,P,00102,Livar Nadia                        ,Andreassen                         ,N,N,N,J,N,KUNDER UNDER 18 ÅR                 ,N,N,N,N,N,N,N,N,N,N,N
4519,28030640162,P,00800,Tanja Nils-Petter                  ,Abdulle                            ,N,N,N,J,N,KUNDER UNDER 18 ÅR                 ,N,N,N,N,N,N,N,N,N,N,N
4519,10101008415,P,00102,Tony Synøve                        ,Nilsen                             ,N,N,N,J,N,KUNDER UNDER 18 ÅR                 ,N,N,N,N,N,N,N,N,N,N,N
4519,14070730759,P,00102,Endre Ann-Helen                    ,Stornes                            ,J,N,N,J,N,KUNDER UNDER 18 ÅR                 ,N,N,N,N,N,N,N,N,N,N,N
4519,23030637526,P,01200,Dagfrid Reidar                     ,Kyvik                              ,N,N,N,J,N,KUNDER UNDER 18 ÅR                 ,N,N,N,N,N,N,N,N,N,N,N
4519,15080922172,P,00900,Paulina Jorulf                     ,Gulbrandsen                        ,N,N,N,J,N,KUNDER UNDER 18 ÅR                 ,N,N,N,N,N,N,N,N,N,N,N
4519,09121282205,P,00102,Skjalg Celine                      ,Olesen                             ,N,N,N,J,N,KUNDER UNDER 18 ÅR                 ,N,N,N,N,N,N,N,N,N,N,N
4519,05050871179,P,01200,Minna Istvan                       ,Torbergsen                         ,N,N,N,N,N,KUNDER UNDER 18 ÅR                 ,N,N,N,N,N,N,N,N,N,N,N
4519,12090673848,P,01200,Vigdis Birger                      ,Sundstrøm                          ,N,N,N,J,N,KUNDER UNDER 18 ÅR                 ,N,N,N,N,N,N,N,N,N,N,N
4519,20030717261,P,01200,Sigfred Ine                        ,Skar                               ,N,N,N,J,N,KUNDER UNDER 18 ÅR                 ,N,N,N,N,N,N,N,N,N,N,N
4519,07040826453,P,01200,Møyfrid Asbjørn                    ,Ueland                             ,N,N,N,J,N,KUNDER UNDER 18 ÅR                 ,N,N,N,N,N,N,N,N,N,N,N
4519,23051006666,P,00102,Brith Hai                          ,Nissen                             ,N,N,N,J,N,KUNDER UNDER 18 ÅR                 ,N,N,N,N,N,N,N,N,N,N,N
4519,23041015411,P,00900,Jo Magnhild                        ,Løvseth                            ,N,N,N,J,N,KUNDER UNDER 18 ÅR                 ,N,N,N,N,N,N,N,N,N,N,N
4519,03051070983,P,01200,Joacim Hermine                     ,Haldorsen                          ,N,N,N,J,N,KUNDER UNDER 18 ÅR                 ,N,N,N,N,N,N,N,N,N,N,N
4519,15021059754,P,00900,Beatrice Oddmund                   ,Kolstø                             ,N,N,N,J,N,KUNDER UNDER 18 ÅR                 ,N,N,N,N,N,N,N,N,N,N,N
4519,13050678541,P,00102,May-Linn Mattis                    ,Thon                               ,N,N,N,J,N,KUNDER UNDER 18 ÅR                 ,N,N,N,N,N,N,N,N,N,N,N
4519,20111509426,P,00102,Denis Anneline                     ,Dahlgren                           ,N,N,N,J,N,KUNDER UNDER 18 ÅR                 ,N,N,N,N,N,N,N,N,N,N,N
4519,25081676154,P,01200,Azad Kathleen                      ,Hovden                             ,N,N,N,J,N,KUNDER UNDER 18 ÅR                 ,N,N,N,N,N,N,N,N,N,N,N
4519,16041075000,P,00900,Yassin Anne-Kristin                ,Dahle                              ,N,N,N,J,N,KUNDER UNDER 18 ÅR                 ,N,N,N,N,N,N,N,N,N,N,N
4519,25121312363,P,00102,Cathrin Frank                      ,Berisha                            ,N,N,N,J,N,KUNDER UNDER 18 ÅR                 ,N,N,N,N,N,N,N,N,N,N,N
4519,11081155161,P,01200,Birgit Laimonas                    ,Langen                             ,N,N,N,J,N,KUNDER UNDER 18 ÅR                 ,N,N,N,N,N,N,N,N,N,N,N
4519,21091723643,P,00102,Patricia Sinisa                    ,Yri                                ,N,N,N,J,N,KUNDER UNDER 18 ÅR                 ,N,N,N,N,N,N,N,N,N,N,N
4519,20111607002,P,00900,Kim Kris                           ,Askvik                             ,N,N,N,J,N,KUNDER UNDER 18 ÅR                 ,N,N,N,N,N,N,N,N,N,N,N
4519,08081132071,P,00800,Josefine Johnny                    ,Førre                              ,N,N,N,J,N,KUNDER UNDER 18 ÅR                 ,N,N,N,N,N,N,N,N,N,N,N
4519,07051252513,P,01200,Gordon Milena                      ,Nervik                             ,N,N,N,J,N,KUNDER UNDER 18 ÅR                 ,N,N,N,N,N,N,N,N,N,N,N
4519,03061129102,P,00102,Iben Neringa                       ,Fjærli                             ,N,N,N,J,N,KUNDER UNDER 18 ÅR                 ,N,N,N,N,N,N,N,N,N,N,N
4519,31071427865,P,00800,Konsulent Njål                     ,Vevang                             ,N,N,N,J,N,KUNDER UNDER 18 ÅR                 ,N,N,N,N,N,N,N,N,N,N,N
4519,01061301026,P,01200,Ann-Iren Adem                      ,Dalaker                            ,N,N,N,J,N,KUNDER UNDER 18 ÅR                 ,N,N,N,N,N,N,N,N,N,N,N
4519,01090706957,P,00800,Ingve Carita                       ,Nordås                             ,N,N,N,J,N,KUNDER UNDER 18 ÅR                 ,N,N,N,N,N,N,N,N,N,N,N
4519,22120777193,P,00800,Petras Debora                      ,Giæver                             ,J,N,N,J,N,KUNDER UNDER 18 ÅR                 ,N,N,N,N,N,N,N,N,N,N,N
4519,25021376313,P,00102,Bibbi Kenny                        ,Skjørestad                         ,N,N,N,J,N,KUNDER UNDER 18 ÅR                 ,N,N,N,N,N,N,N,N,N,N,N
4519,24020910514,P,00102,Mahad Bibbi                        ,Reksten                            ,N,N,N,J,N,KUNDER UNDER 18 ÅR                 ,N,N,N,N,N,N,N,N,N,N,N
4519,04071111216,P,00102,Ayla Mantas                        ,Løver                              ,N,N,N,J,N,KUNDER UNDER 18 ÅR                 ,N,N,N,N,N,N,N,N,N,N,N
4519,07101415206,P,00102,Petr Betzy                         ,Horn                               ,N,N,N,J,N,KUNDER UNDER 18 ÅR                 ,N,N,N,N,N,N,N,N,N,N,N
4519,04061509270,P,01200,Alisa Knut-Erik                    ,Weum                               ,N,N,N,J,N,KUNDER UNDER 18 ÅR                 ,N,N,N,N,N,N,N,N,N,N,N
4519,24020717722,P,01200,Malena Maciej                      ,Brænden                            ,N,N,N,J,N,KUNDER UNDER 18 ÅR                 ,N,N,N,N,N,N,N,N,N,N,N
4519,13101160062,P,00800,Minda Tristan                      ,Søvik                              ,N,N,N,J,N,KUNDER UNDER 18 ÅR                 ,N,N,N,N,N,N,N,N,N,N,N
4519,18111206933,P,01200,Gordon Milena                      ,Olaussen                           ,N,N,N,J,N,KUNDER UNDER 18 ÅR                 ,N,N,N,N,N,N,N,N,N,N,N
4519,12081056135,P,00800,Isa Albin                          ,Sletner                            ,N,N,N,J,N,KUNDER UNDER 18 ÅR                 ,N,N,N,N,N,N,N,N,N,N,N
4519,18021059095,P,00900,Joanna Ben                         ,Kolberg                            ,N,N,N,J,N,KUNDER UNDER 18 ÅR                 ,N,N,N,N,N,N,N,N,N,N,N
4519,18111210973,P,00102,Kristianne Thom                    ,Homme                              ,N,N,N,J,N,KUNDER UNDER 18 ÅR                 ,N,N,N,N,N,N,N,N,N,N,N
4519,27010907123,P,00102,Heiko Inger                        ,Enoksen                            ,N,N,N,J,N,KUNDER UNDER 18 ÅR                 ,N,N,N,N,N,N,N,N,N,N,N
4519,20011531432,P,01200,Wenke Tristan                      ,Hølland                            ,N,N,N,J,N,KUNDER UNDER 18 ÅR                 ,N,N,N,N,N,N,N,N,N,N,N
4519,13070827241,P,00900,Rannveig Gard                      ,Georgsen                           ,N,N,N,J,N,KUNDER UNDER 18 ÅR                 ,N,N,N,N,N,N,N,N,N,N,N
4519,03111009588,P,01200,Kristofer Anke                     ,Gustad                             ,N,N,N,J,N,KUNDER UNDER 18 ÅR                 ,N,N,N,N,N,N,N,N,N,N,N
4519,06041205375,P,00102,Juozas Ena                         ,Smørdal                            ,N,N,N,J,N,KUNDER UNDER 18 ÅR                 ,N,N,N,N,N,N,N,N,N,N,N
4519,14081711373,P,00800,Wigdis Maciej                      ,Sjåvik                             ,N,N,N,J,N,KUNDER UNDER 18 ÅR                 ,N,N,N,N,N,N,N,N,N,N,N
4519,21070610776,P,00102,Dick Mirela                        ,Gjerløw                            ,N,N,N,J,N,KUNDER UNDER 18 ÅR                 ,N,N,N,N,N,N,N,N,N,N,N
4519,06111117215,P,01200,Evy Marc                           ,Knarvik                            ,N,N,N,J,N,KUNDER UNDER 18 ÅR                 ,N,N,N,N,N,N,N,N,N,N,N
4519,02110618371,P,00800,Lovise Reidar                      ,Vevang                             ,N,N,N,J,N,KUNDER UNDER 18 ÅR                 ,N,N,N,N,N,N,N,N,N,N,N
4519,11080850516,P,01200,Yassin Judy                        ,Valstad                            ,N,N,N,J,N,KUNDER UNDER 18 ÅR                 ,N,N,N,N,N,N,N,N,N,N,N
4519,23070707276,P,01200,Ramunas Anne-Lill                  ,Trengereid                         ,N,N,N,J,N,KUNDER UNDER 18 ÅR                 ,N,N,N,N,N,N,N,N,N,N,N
4519,21080707379,P,00102,Geir Leah                          ,Kyvik                              ,N,N,N,J,N,KUNDER UNDER 18 ÅR                 ,N,N,N,N,N,N,N,N,N,N,N
4519,11091423539,P,01200,Maksim Runa                        ,Tjelta                             ,N,N,N,J,N,KUNDER UNDER 18 ÅR                 ,N,N,N,N,N,N,N,N,N,N,N
4519,10061136172,P,01200,Marianne Rachid                    ,Alver                              ,N,N,N,J,N,KUNDER UNDER 18 ÅR                 ,N,N,N,N,N,N,N,N,N,N,N
4519,07010860673,P,01200,Edgar Gintare                      ,Vassdal                            ,N,N,N,J,N,KUNDER UNDER 18 ÅR                 ,N,N,N,N,N,N,N,N,N,N,N
4519,29121625715,P,00102,Kristofer Zuzana                   ,Skarstad                           ,N,N,N,J,N,KUNDER UNDER 18 ÅR                 ,N,N,N,N,N,N,N,N,N,N,N
4519,03040963331,P,00102,Hroar Liliana                      ,Ausland                            ,N,N,N,J,N,KUNDER UNDER 18 ÅR                 ,N,N,N,N,N,N,N,N,N,N,N
4519,16101315065,P,00102,Stefanie Rudi                      ,Nawaz                              ,N,N,N,J,N,KUNDER UNDER 18 ÅR                 ,N,N,N,N,N,N,N,N,N,N,N
4519,25020613648,P,00800,Afrim Edna                         ,Abbas                              ,N,N,N,J,N,KUNDER UNDER 18 ÅR                 ,N,N,N,N,N,N,N,N,N,N,N
4519,02120734981,P,00102,Eduardo Claudia                    ,Aukland                            ,N,N,N,J,N,KUNDER UNDER 18 ÅR                 ,N,N,N,N,N,N,N,N,N,N,N
4519,13041480143,P,01200,Bettina Babak                      ,Krasniqi                           ,N,N,N,J,N,KUNDER UNDER 18 ÅR                 ,N,N,N,N,N,N,N,N,N,N,N
4519,20101071295,P,00102,Anne-Karine Dario                  ,Ho                                 ,N,N,N,J,N,KUNDER UNDER 18 ÅR                 ,N,N,N,N,N,N,N,N,N,N,N
4519,24021527358,P,00900,Ingo Annelin                       ,Klepp                              ,N,N,N,J,N,KUNDER UNDER 18 ÅR                 ,N,N,N,N,N,N,N,N,N,N,N
4519,25061321473,P,00102,Sine Mantas                        ,Korsvold                           ,J,N,N,J,N,KUNDER UNDER 18 ÅR                 ,N,N,N,N,N,N,N,N,N,N,N
4519,04120811393,P,00900,Petras Anne-Kari                   ,Haaland                            ,N,N,N,J,N,KUNDER UNDER 18 ÅR                 ,N,N,N,N,N,N,N,N,N,N,N
4519,29101304963,P,00800,Fredrik Charlotte                  ,Hovde                              ,N,N,N,J,N,KUNDER UNDER 18 ÅR                 ,N,N,N,N,N,N,N,N,N,N,N
4519,29071010439,P,01200,Carita Ahmed                       ,Blomvik                            ,N,N,N,J,N,KUNDER UNDER 18 ÅR                 ,N,N,N,N,N,N,N,N,N,N,N
4519,09081303786,P,01200,Jardar Agnethe                     ,Braut                              ,N,N,N,J,N,KUNDER UNDER 18 ÅR                 ,N,N,N,N,N,N,N,N,N,N,N
4519,13080677728,P,00102,Ib Tomine                          ,Tonstad                            ,N,N,N,J,N,KUNDER UNDER 18 ÅR                 ,N,N,N,N,N,N,N,N,N,N,N
4519,25071322761,P,01200,Geir Gøril                         ,Sønstebø                           ,N,N,N,J,N,KUNDER UNDER 18 ÅR                 ,N,N,N,N,N,N,N,N,N,N,N
4519,21121000714,P,00800,Halvar Andrine                     ,Bru                                ,N,N,N,J,N,KUNDER UNDER 18 ÅR                 ,N,N,N,N,N,N,N,N,N,N,N
4519,03051113046,P,00102,Yngvild Jack                       ,Skogseth                           ,N,N,N,J,N,KUNDER UNDER 18 ÅR                 ,N,N,N,N,N,N,N,N,N,N,N
4519,17111111030,P,00102,Rikke Jan-Inge                     ,Berget                             ,N,N,N,J,N,KUNDER UNDER 18 ÅR                 ,N,N,N,N,N,N,N,N,N,N,N
4519,05080910551,P,01200,Kjærsti Alex                       ,Sjølie                             ,N,N,N,J,N,KUNDER UNDER 18 ÅR                 ,N,N,N,N,N,N,N,N,N,N,N
4519,08010911908,P,00900,Julija Helmut                      ,Karlstad                           ,N,N,N,J,N,KUNDER UNDER 18 ÅR                 ,N,N,N,N,N,N,N,N,N,N,N
4519,06011420042,P,00102,Matilda Dani                       ,Nordli                             ,N,N,N,J,N,KUNDER UNDER 18 ÅR                 ,N,N,N,N,N,N,N,N,N,N,N
4519,10121023100,P,00102,May Arnvid                         ,Nordli                             ,N,N,N,J,N,KUNDER UNDER 18 ÅR                 ,N,N,N,N,N,N,N,N,N,N,N
4519,03071101648,P,00800,Tron Marlena                       ,Gulli                              ,N,N,N,J,N,KUNDER UNDER 18 ÅR                 ,N,N,N,N,N,N,N,N,N,N,N
4519,04060903374,P,01200,Mårten Renate                      ,Vindenes                           ,N,N,N,J,N,KUNDER UNDER 18 ÅR                 ,N,N,N,N,N,N,N,N,N,N,N
4519,09070915151,P,00102,Øydis Alex                         ,Brænden                            ,N,N,N,J,N,KUNDER UNDER 18 ÅR                 ,N,N,N,N,N,N,N,N,N,N,N
4519,08080640413,P,00102,Tove Eduard                        ,Svensson                           ,N,N,N,J,N,KUNDER UNDER 18 ÅR                 ,N,N,N,N,N,N,N,N,N,N,N
4519,07050904185,P,00102,Svanaug Joakim                     ,Aarsand                            ,N,N,N,J,N,KUNDER UNDER 18 ÅR                 ,N,N,N,N,N,N,N,N,N,N,N
4519,28100976619,P,00102,Milena Torsten                     ,Sumstad                            ,N,N,N,J,N,KUNDER UNDER 18 ÅR                 ,N,N,N,N,N,N,N,N,N,N,N
4519,01091455990,P,00800,Ravn Eileen                        ,Tallaksen                          ,N,N,N,J,N,KUNDER UNDER 18 ÅR                 ,N,N,N,N,N,N,N,N,N,N,N
4519,30120631515,P,00800,Ayan Abdifatah                     ,Austad                             ,N,N,N,J,N,KUNDER UNDER 18 ÅR                 ,N,N,N,N,N,N,N,N,N,N,N
4519,01051018458,P,00900,Joyce Kato                         ,Skogsrud                           ,N,N,N,J,N,KUNDER UNDER 18 ÅR                 ,N,N,N,N,N,N,N,N,N,N,N
4519,10030920711,P,00900,Britha Julian                      ,Johannesen                         ,N,N,N,J,N,KUNDER UNDER 18 ÅR                 ,N,N,N,N,N,N,N,N,N,N,N
4519,05030601027,P,00102,Jens Jonna                         ,Løtveit                            ,N,N,N,J,N,KUNDER UNDER 18 ÅR                 ,N,N,N,N,N,N,N,N,N,N,N
4519,01021405422,P,00102,Justyna Tron                       ,Røise                              ,N,N,N,J,N,KUNDER UNDER 18 ÅR                 ,N,N,N,N,N,N,N,N,N,N,N
4519,28060902498,P,00102,Werner Ilze                        ,Fagereng                           ,N,N,N,J,N,KUNDER UNDER 18 ÅR                 ,N,N,N,N,N,N,N,N,N,N,N
4519,25050807870,P,00800,May-Linn Fabio                     ,Homme                              ,N,N,N,J,N,KUNDER UNDER 18 ÅR                 ,N,N,N,N,N,N,N,N,N,N,N
4519,07011038357,P,00900,Viviann Ben                        ,Ofstad                             ,J,N,N,J,N,KUNDER UNDER 18 ÅR                 ,N,N,N,N,N,N,N,N,N,N,N
4519,07020741672,P,01200,Ben Mie                            ,Prytz                              ,N,N,N,J,N,KUNDER UNDER 18 ÅR                 ,N,N,N,N,N,N,N,N,N,N,N
4519,25021136916,P,00800,Torodd Svanhild                    ,Bjørkli                            ,N,N,N,J,N,KUNDER UNDER 18 ÅR                 ,N,N,N,N,N,N,N,N,N,N,N
4519,22050901932,P,01200,Siw Njål                           ,Grinde                             ,N,N,N,J,N,KUNDER UNDER 18 ÅR                 ,N,N,N,N,N,N,N,N,N,N,N
4519,29040607895,P,00800,Benn Ranveig                       ,Lee                                ,N,N,N,J,N,KUNDER UNDER 18 ÅR                 ,N,N,N,N,N,N,N,N,N,N,N
4519,13101212151,P,00900,Dorota Ramin                       ,Noor                               ,N,N,N,J,N,KUNDER UNDER 18 ÅR                 ,N,N,N,N,N,N,N,N,N,N,N
4519,01011790069,P,00105,Ibrahim Ingeborg                   ,Fretheim                           ,N,N,N,J,N,KUNDER UNDER 18 ÅR                 ,N,N,N,N,N,N,N,N,N,N,N
4519,02090711124,P,01200,Eystein Tonje                      ,Skjølberg                          ,N,N,N,J,N,KUNDER UNDER 18 ÅR                 ,N,N,N,N,N,N,N,N,N,N,N
4519,26011630684,P,01200,Ståle Judith                       ,Josdal                             ,N,N,N,J,N,KUNDER UNDER 18 ÅR                 ,N,N,N,N,N,N,N,N,N,N,N
4519,05051029684,P,00800,Merethe Oddmund                    ,Torland                            ,N,N,N,J,N,KUNDER UNDER 18 ÅR                 ,N,N,N,N,N,N,N,N,N,N,N
4519,21020725424,P,01200,Rimantas Jolita                    ,Dyrnes                             ,N,N,N,J,N,KUNDER UNDER 18 ÅR                 ,N,N,N,N,N,N,N,N,N,N,N
4519,01100833170,P,00102,Cesar Gina                         ,Andreassen                         ,N,N,N,J,N,KUNDER UNDER 18 ÅR                 ,N,N,N,N,N,N,N,N,N,N,N
4519,16080830576,P,00102,Søren Julianne                     ,Furseth                            ,N,N,N,J,N,KUNDER UNDER 18 ÅR                 ,N,N,N,N,N,N,N,N,N,N,N
4519,06041121791,P,00102,Yosef Lorna                        ,Fischer                            ,N,N,N,J,N,KUNDER UNDER 18 ÅR                 ,N,N,N,N,N,N,N,N,N,N,N
4519,20071011977,P,04511,Mario Selma                        ,Kristensen                         ,N,N,N,J,N,KUNDER UNDER 18 ÅR                 ,N,N,N,N,N,N,N,N,N,N,N
4519,04090630909,P,00900,Sigita Eduard                      ,Helland                            ,N,N,N,J,N,KUNDER UNDER 18 ÅR                 ,N,N,N,N,N,N,N,N,N,N,N
4519,03121224487,P,00102,Lucas Gudrun                       ,Sakshaug                           ,N,N,N,J,N,KUNDER UNDER 18 ÅR                 ,N,N,N,N,N,N,N,N,N,N,N
4519,10050624841,P,00102,Halvar Violeta                     ,Fuglerud                           ,N,N,N,J,N,KUNDER UNDER 18 ÅR                 ,N,N,N,N,N,N,N,N,N,N,N
4519,17050878449,P,00900,Mario Maryna                       ,Aarsland                           ,J,N,N,J,N,KUNDER UNDER 18 ÅR                 ,N,N,N,N,N,N,N,N,N,N,N
4519,09040700290,P,00102,Tale Albin                         ,Bergesen                           ,N,N,N,J,N,KUNDER UNDER 18 ÅR                 ,N,N,N,N,N,N,N,N,N,N,N
4519,23011117473,P,00102,Adelina Francisco                  ,Øksnes                             ,N,N,N,J,N,KUNDER UNDER 18 ÅR                 ,N,N,N,N,N,N,N,N,N,N,N
4519,11060834018,P,01200,Tron Marlena                       ,Jansen                             ,N,N,N,J,N,KUNDER UNDER 18 ÅR                 ,N,N,N,N,N,N,N,N,N,N,N
4519,12070826095,P,00102,Kristianne Bernt                   ,Thunes                             ,N,N,N,J,N,KUNDER UNDER 18 ÅR                 ,N,N,N,N,N,N,N,N,N,N,N
4519,01021712996,P,00900,Torborg Stuart                     ,Hole                               ,N,N,N,J,N,KUNDER UNDER 18 ÅR                 ,N,N,N,N,N,N,N,N,N,N,N
4519,24021406860,P,00800,Hallstein Gunn                     ,Harestad                           ,N,N,N,J,N,KUNDER UNDER 18 ÅR                 ,N,N,N,N,N,N,N,N,N,N,N
4519,09061322857,P,01200,Zlatko Eira                        ,Eng                                ,N,N,N,J,N,KUNDER UNDER 18 ÅR                 ,N,N,N,N,N,N,N,N,N,N,N
4519,21070608232,P,00800,Julio Henriette                    ,Herfindal                          ,N,N,N,J,N,KUNDER UNDER 18 ÅR                 ,N,N,N,N,N,N,N,N,N,N,N
4519,02051322641,P,00900,Elaine Mirza                       ,Myren                              ,N,N,N,J,N,KUNDER UNDER 18 ÅR                 ,N,N,N,N,N,N,N,N,N,N,N
4519,27100807594,P,01200,Agnethe Milian                     ,Muggerud                           ,N,N,N,J,N,KUNDER UNDER 18 ÅR                 ,N,N,N,N,N,N,N,N,N,N,N
4519,30120605972,P,01200,Agne Ole-Marius                    ,Borge                              ,N,N,N,J,N,KUNDER UNDER 18 ÅR                 ,N,N,N,N,N,N,N,N,N,N,N
4519,21051034241,P,00102,Dagmar Leszek                      ,Høyvik                             ,N,N,N,J,N,KUNDER UNDER 18 ÅR                 ,N,N,N,N,N,N,N,N,N,N,N
4519,13031029354,P,00102,Carolina Mindaugas                 ,Rikardsen                          ,N,N,N,J,N,KUNDER UNDER 18 ÅR                 ,N,N,N,N,N,N,N,N,N,N,N
4519,30040770654,P,00102,Ilyas Linh                         ,Utne                               ,N,N,N,J,N,KUNDER UNDER 18 ÅR                 ,N,N,N,N,N,N,N,N,N,N,N
4519,05051419938,P,00800,Isabelle Trym                      ,Kihle                              ,N,N,N,J,N,KUNDER UNDER 18 ÅR                 ,N,N,N,N,N,N,N,N,N,N,N
4519,19080776899,P,00102,Turid Jann                         ,Smedsrud                           ,N,N,N,J,N,KUNDER UNDER 18 ÅR                 ,N,N,N,N,N,N,N,N,N,N,N
4519,08100601436,P,00102,Emely Alv                          ,Steindal                           ,J,N,N,J,N,KUNDER UNDER 18 ÅR                 ,N,N,N,N,N,N,N,N,N,N,N
4519,15040916676,P,01200,Steffan Rosemarie                  ,Homme                              ,N,N,N,J,N,KUNDER UNDER 18 ÅR                 ,N,N,N,N,N,N,N,N,N,N,N
4519,29090861830,P,00102,Annelie Gard                       ,Vindenes                           ,N,N,N,J,N,KUNDER UNDER 18 ÅR                 ,N,N,N,N,N,N,N,N,N,N,N
4519,24021211148,P,00800,Linn-Kristin Dmitri                ,Kommedal                           ,N,N,N,J,N,KUNDER UNDER 18 ÅR                 ,N,N,N,N,N,N,N,N,N,N,N
4519,05021307892,P,00800,Celine Dovydas                     ,Lundberg                           ,N,N,N,J,N,KUNDER UNDER 18 ÅR                 ,N,N,N,N,N,N,N,N,N,N,N
4519,02090801344,P,00800,Siren Christer                     ,Sæterbø                            ,N,N,N,J,N,KUNDER UNDER 18 ÅR                 ,N,N,N,N,N,N,N,N,N,N,N
4519,27121017941,P,00102,Jean Ahmed                         ,Aasebø                             ,N,N,N,J,N,KUNDER UNDER 18 ÅR                 ,N,N,N,N,N,N,N,N,N,N,N
4519,18080702708,P,00800,Geir Teresa                        ,Homme                              ,N,N,N,J,N,KUNDER UNDER 18 ÅR                 ,N,N,N,N,N,N,N,N,N,N,N
4519,29061018059,P,00102,Ann-Iren Ionut                     ,Bertheussen                        ,N,N,N,J,N,KUNDER UNDER 18 ÅR                 ,N,N,N,N,N,N,N,N,N,N,N
4519,13090903033,P,00900,Ben Therese                        ,Bertelsen                          ,N,N,N,J,N,KUNDER UNDER 18 ÅR                 ,N,N,N,N,N,N,N,N,N,N,N
4519,20061032968,P,00900,May-Britt Kian                     ,Skogsrud                           ,N,N,N,J,N,KUNDER UNDER 18 ÅR                 ,N,N,N,N,N,N,N,N,N,N,N
4519,03051400231,P,00800,Marcel Anne                        ,Dalheim                            ,N,N,N,J,N,KUNDER UNDER 18 ÅR                 ,N,N,N,N,N,N,N,N,N,N,N
4519,17100616084,P,01200,Hallstein Lydia                    ,Varhaug                            ,N,N,N,J,N,KUNDER UNDER 18 ÅR                 ,N,N,N,N,N,N,N,N,N,N,N
4519,22051353718,P,00102,Tori Varg                          ,Tveita                             ,N,N,N,J,N,KUNDER UNDER 18 ÅR                 ,N,N,N,N,N,N,N,N,N,N,N
4519,21051454917,P,00102,Raja Angelika                      ,Tafjord                            ,N,N,N,J,N,KUNDER UNDER 18 ÅR                 ,N,N,N,N,N,N,N,N,N,N,N
4519,12050820163,P,00102,Juliana Duy                        ,Fidjeland                          ,N,N,N,J,N,KUNDER UNDER 18 ÅR                 ,N,N,N,N,N,N,N,N,N,N,N
4519,08080715251,P,00900,Gard Faiza                         ,Engeseth                           ,N,N,N,J,N,KUNDER UNDER 18 ÅR                 ,N,N,N,N,N,N,N,N,N,N,N
4519,08100605458,P,00800,Eiril Ionut                        ,Skaret                             ,N,N,N,J,N,KUNDER UNDER 18 ÅR                 ,N,N,N,N,N,N,N,N,N,N,N
4519,08111115606,P,00900,Katharina Albin                    ,Solberg                            ,N,N,N,J,N,KUNDER UNDER 18 ÅR                 ,N,N,N,N,N,N,N,N,N,N,N
4519,10041113443,P,00102,May Ted                            ,Halvorsrud                         ,N,N,N,J,N,KUNDER UNDER 18 ÅR                 ,N,N,N,N,N,N,N,N,N,N,N
4519,24081069375,P,00900,Vasile Heidrun                     ,Vestre                             ,N,N,N,J,N,KUNDER UNDER 18 ÅR                 ,N,N,N,N,N,N,N,N,N,N,N
4519,20090910346,P,00102,Gard Trine                         ,Lopez                              ,N,N,N,J,N,KUNDER UNDER 18 ÅR                 ,N,N,N,N,N,N,N,N,N,N,N
4519,07080951455,P,00800,Muna Hai                           ,Homme                              ,N,N,N,J,N,KUNDER UNDER 18 ÅR                 ,N,N,N,N,N,N,N,N,N,N,N
4519,21070628500,P,00102,Siren Christer                     ,Moldskred                          ,N,N,N,J,N,KUNDER UNDER 18 ÅR                 ,N,N,N,N,N,N,N,N,N,N,N
4519,27051177113,P,01200,Ingve Oxana                        ,Bjørkheim                          ,N,N,N,J,N,KUNDER UNDER 18 ÅR                 ,N,N,N,N,N,N,N,N,N,N,N
4519,22071151593,P,01200,Petr Møyfrid                       ,Stornes                            ,N,N,N,J,N,KUNDER UNDER 18 ÅR                 ,N,N,N,N,N,N,N,N,N,N,N
4519,11020929083,P,00900,Eystein Florence                   ,Finstad                            ,N,N,N,J,N,KUNDER UNDER 18 ÅR                 ,N,N,N,N,N,N,N,N,N,N,N
4519,16050631196,P,00900,Edward Susana                      ,Martinsen                          ,N,N,N,J,N,KUNDER UNDER 18 ÅR                 ,N,N,N,N,N,N,N,N,N,N,N
4519,26121610697,P,00102,Martyna Mirza                      ,Bredal                             ,N,N,N,J,N,KUNDER UNDER 18 ÅR                 ,N,N,N,N,N,N,N,N,N,N,N
4519,22050727878,P,00102,Magomed Judit                      ,Øiestad                            ,N,N,N,J,N,KUNDER UNDER 18 ÅR                 ,N,N,N,N,N,N,N,N,N,N,N
4519,30120906123,P,00900,Yassin Judy                        ,Hovda                              ,N,N,N,J,N,KUNDER UNDER 18 ÅR                 ,N,N,N,N,N,N,N,N,N,N,N
4519,07080905100,P,00800,Ib Annelise                        ,Voll                               ,N,N,N,J,N,KUNDER UNDER 18 ÅR                 ,N,N,N,N,N,N,N,N,N,N,N
4519,30110903339,P,00800,Shahzad Alis                       ,Tyldum                             ,N,N,N,J,N,KUNDER UNDER 18 ÅR                 ,N,N,N,N,N,N,N,N,N,N,N
4519,24060723733,P,00900,Birte Sigve                        ,Nekstad                            ,N,N,N,J,N,KUNDER UNDER 18 ÅR                 ,N,N,N,N,N,N,N,N,N,N,N
4519,11071519963,P,00800,Morteza Sandra                     ,Løtveit                            ,N,N,N,J,N,KUNDER UNDER 18 ÅR                 ,N,N,N,N,N,N,N,N,N,N,N
4519,26050678953,P,00102,Ubah Rune                          ,Thunes                             ,N,N,N,J,N,KUNDER UNDER 18 ÅR                 ,N,N,N,N,N,N,N,N,N,N,N
4519,06121209193,P,01200,Dawid Tilla                        ,Borgersen                          ,N,N,N,J,N,KUNDER UNDER 18 ÅR                 ,N,N,N,N,N,N,N,N,N,N,N
4519,18010608860,P,00102,Bushra Kato                        ,Karimi                             ,N,N,N,J,N,KUNDER UNDER 18 ÅR                 ,N,N,N,N,N,N,N,N,N,N,N
4519,21111042605,P,00800,Ildri Evert                        ,Thrane                             ,N,N,N,J,N,KUNDER UNDER 18 ÅR                 ,N,N,N,N,N,N,N,N,N,N,N
4519,08020775298,P,00102,Elida Magnus                       ,Lorentsen                          ,N,N,N,J,N,KUNDER UNDER 18 ÅR                 ,N,N,N,N,N,N,N,N,N,N,N
4519,01040929254,P,00800,Kamil Leni                         ,Lilleby                            ,N,N,N,J,N,KUNDER UNDER 18 ÅR                 ,N,N,N,N,N,N,N,N,N,N,N
4519,24081222963,P,00102,Rahel Abdulahi                     ,Barth                              ,N,N,N,J,N,KUNDER UNDER 18 ÅR                 ,N,N,N,N,N,N,N,N,N,N,N
4519,15041337327,P,01200,Sabina Donald                      ,Kjøde                              ,N,N,N,J,N,KUNDER UNDER 18 ÅR                 ,N,N,N,N,N,N,N,N,N,N,N
4519,15121614518,P,00102,Knud Tale                          ,Haaland                            ,N,N,N,J,N,KUNDER UNDER 18 ÅR                 ,N,N,N,N,N,N,N,N,N,N,N
4519,21061013412,P,00900,Denis Anne-Lene                    ,Klepp                              ,N,N,N,J,N,KUNDER UNDER 18 ÅR                 ,N,N,N,N,N,N,N,N,N,N,N
4519,20031301301,P,00102,Gregor Olena                       ,Osmundsen                          ,N,N,N,J,N,KUNDER UNDER 18 ÅR                 ,N,N,N,N,N,N,N,N,N,N,N
4519,10031610481,P,01200,Aneta Ben                          ,Rui                                ,N,N,N,J,N,KUNDER UNDER 18 ÅR                 ,N,N,N,N,N,N,N,N,N,N,N
4519,20040831194,P,01200,Hallgeir Giske                     ,Nervik                             ,N,N,N,J,N,KUNDER UNDER 18 ÅR                 ,N,N,N,N,N,N,N,N,N,N,N
4519,02041027242,P,00102,Karoline Ingvald                   ,Sander                             ,N,N,N,J,N,KUNDER UNDER 18 ÅR                 ,N,N,N,N,N,N,N,N,N,N,N
4519,08060904376,P,00102,Biniam Olea                        ,Rydland                            ,N,N,N,J,N,KUNDER UNDER 18 ÅR                 ,N,N,N,N,N,N,N,N,N,N,N
4519,24121512013,P,00102,Ioana Mahad                        ,Tvedt                              ,N,N,N,J,N,KUNDER UNDER 18 ÅR                 ,N,N,N,N,N,N,N,N,N,N,N
4519,22021001841,P,00800,Ea Holger                          ,Forland                            ,N,N,N,J,N,KUNDER UNDER 18 ÅR                 ,N,N,N,N,N,N,N,N,N,N,N
4519,08050725910,P,00900,Edmund Inger-Anne                  ,Kjeldsen                           ,N,N,N,J,N,KUNDER UNDER 18 ÅR                 ,N,N,N,N,N,N,N,N,N,N,N
4519,17070935775,P,00800,Nadja Duc                          ,Fuglestad                          ,N,N,N,J,N,KUNDER UNDER 18 ÅR                 ,N,N,N,N,N,N,N,N,N,N,N
4519,28030932325,P,00102,Cesar Nicola                       ,Rikardsen                          ,N,N,N,J,N,KUNDER UNDER 18 ÅR                 ,N,N,N,N,N,N,N,N,N,N,N
4519,03030972863,P,00800,Ehsan Vigdis                       ,Opsal                              ,N,N,N,J,N,KUNDER UNDER 18 ÅR                 ,N,N,N,N,N,N,N,N,N,N,N
4519,25120905859,P,00800,Mahad Keth                         ,Svensson                           ,N,N,N,J,N,KUNDER UNDER 18 ÅR                 ,N,N,N,N,N,N,N,N,N,N,N
4519,04011132176,P,00102,Tadeusz Johanna                    ,Lokøy                              ,N,N,N,J,N,KUNDER UNDER 18 ÅR                 ,N,N,N,N,N,N,N,N,N,N,N
4519,15070633148,P,00800,Isaac Matilda                      ,Lilleby                            ,N,N,N,J,N,KUNDER UNDER 18 ÅR                 ,N,N,N,N,N,N,N,N,N,N,N
4519,11120928076,P,00102,Knut-Erik Sigrun                   ,Gjernes                            ,N,N,N,J,N,KUNDER UNDER 18 ÅR                 ,N,N,N,N,N,N,N,N,N,N,N
4519,29060929864,P,00102,Ann-Mari Dean                      ,Danielsen                          ,N,N,N,J,N,KUNDER UNDER 18 ÅR                 ,N,N,N,N,N,N,N,N,N,N,N
4519,09080626530,P,00800,Zlatko Tove                        ,Vevang                             ,N,N,N,J,N,KUNDER UNDER 18 ÅR                 ,N,N,N,N,N,N,N,N,N,N,N
4519,05081159310,P,01200,Francesco Lill-Ann                 ,Moe                                ,N,N,N,J,N,KUNDER UNDER 18 ÅR                 ,N,N,N,N,N,N,N,N,N,N,N
4519,07021307275,P,01200,Mantas Kathrine                    ,Sæbø                               ,N,N,N,J,N,KUNDER UNDER 18 ÅR                 ,N,N,N,N,N,N,N,N,N,N,N
4519,20101605001,P,00900,Ahmet Ena                          ,Husøy                              ,N,N,N,J,N,KUNDER UNDER 18 ÅR                 ,N,N,N,N,N,N,N,N,N,N,N
4519,11070910758,P,01200,Victor Hallbjørg                   ,Strande                            ,N,N,N,J,N,KUNDER UNDER 18 ÅR                 ,N,N,N,N,N,N,N,N,N,N,N
4519,07020731014,P,00102,Tarjei Berta                       ,Storsve                            ,N,N,N,J,N,KUNDER UNDER 18 ÅR                 ,N,N,N,N,N,N,N,N,N,N,N
4519,13020630587,P,00900,Annelin Sture                      ,Kirknes                            ,N,N,N,J,N,KUNDER UNDER 18 ÅR                 ,N,N,N,N,N,N,N,N,N,N,N
4519,30040704031,P,01200,Ole-Morten Franziska               ,Alm                                ,N,N,N,J,N,KUNDER UNDER 18 ÅR                 ,N,N,N,N,N,N,N,N,N,N,N
4519,21071019435,P,00102,Mussie Mimmi                       ,Nielsen                            ,N,N,N,J,N,KUNDER UNDER 18 ÅR                 ,N,N,N,N,N,N,N,N,N,N,N
4519,27051061379,P,01200,Yassin Judy                        ,Ekren                              ,N,N,N,J,N,KUNDER UNDER 18 ÅR                 ,N,N,N,N,N,N,N,N,N,N,N
4519,28091314454,P,00800,Alfhild Kenny                      ,Folkvord                           ,N,N,N,J,N,KUNDER UNDER 18 ÅR                 ,N,N,N,N,N,N,N,N,N,N,N
4519,04050620390,P,00102,Biniam Lucia                       ,Løken                              ,N,N,N,J,N,KUNDER UNDER 18 ÅR                 ,N,N,N,N,N,N,N,N,N,N,N
4519,07050915284,P,00900,Marita Mindaugas                   ,Westgård                           ,N,N,N,J,N,KUNDER UNDER 18 ÅR                 ,N,N,N,N,N,N,N,N,N,N,N
4519,29120704484,P,01200,Annfrid Jann                       ,Brænden                            ,N,N,N,J,N,KUNDER UNDER 18 ÅR                 ,N,N,N,N,N,N,N,N,N,N,N
4519,24120841919,P,00102,Emad Feven                         ,Sagmo                              ,N,N,N,J,N,KUNDER UNDER 18 ÅR                 ,N,N,N,N,N,N,N,N,N,N,N
4519,29110926624,P,00900,Nansy Arnvid                       ,Sørhaug                            ,N,N,N,J,N,KUNDER UNDER 18 ÅR                 ,N,N,N,N,N,N,N,N,N,N,N
4519,22101027868,P,01200,Afrim Kate                         ,Mikalsen                           ,N,N,N,J,N,KUNDER UNDER 18 ÅR                 ,N,N,N,N,N,N,N,N,N,N,N
4519,18020933905,P,01200,Mirela Helmer                      ,Leite                              ,N,N,N,J,N,KUNDER UNDER 18 ÅR                 ,N,N,N,N,N,N,N,N,N,N,N
4519,26020614128,P,00800,Azad Liva                          ,Engum                              ,N,N,N,J,N,KUNDER UNDER 18 ÅR                 ,N,N,N,N,N,N,N,N,N,N,N
4519,15110815325,P,00102,Oluf Evelyn                        ,Lohne                              ,N,N,N,J,N,KUNDER UNDER 18 ÅR                 ,N,N,N,N,N,N,N,N,N,N,N
4519,10020623492,P,00900,Danielle Njål                      ,Rikardsen                          ,N,N,N,J,N,KUNDER UNDER 18 ÅR                 ,N,N,N,N,N,N,N,N,N,N,N
4519,26090870679,P,00102,Vibeche Danny                      ,Lervåg                             ,N,N,N,J,N,KUNDER UNDER 18 ÅR                 ,N,N,N,N,N,N,N,N,N,N,N
4519,08110821302,P,00102,Tarjei Edle                        ,Bui                                ,J,N,N,J,N,KUNDER UNDER 18 ÅR                 ,N,N,N,N,N,N,N,N,N,N,N
4519,29011309044,P,00102,Thone Jan-Roger                    ,Haraldsen                          ,N,N,N,J,N,KUNDER UNDER 18 ÅR                 ,N,N,N,N,N,N,N,N,N,N,N
4519,14090914686,P,00102,Andreea Eduard                     ,Størseth                           ,N,N,N,J,N,KUNDER UNDER 18 ÅR                 ,N,N,N,N,N,N,N,N,N,N,N
4519,11010712515,P,00800,Iselin Emilio                      ,Fagerheim                          ,N,N,N,J,N,KUNDER UNDER 18 ÅR                 ,N,N,N,N,N,N,N,N,N,N,N
4519,18111234910,P,01200,Andrej Anne-Lill                   ,Aandahl                            ,N,N,N,J,N,KUNDER UNDER 18 ÅR                 ,N,N,N,N,N,N,N,N,N,N,N
4519,30121478540,P,00102,Gloria Cesar                       ,Wangen                             ,N,N,N,J,N,KUNDER UNDER 18 ÅR                 ,N,N,N,N,N,N,N,N,N,N,N
4519,24051121674,P,00900,Borger Aase                        ,Undheim                            ,N,N,N,J,N,KUNDER UNDER 18 ÅR                 ,N,N,N,N,N,N,N,N,N,N,N
4519,09060825103,P,00102,Maksim Aslaug                      ,Vikan                              ,N,N,N,J,N,KUNDER UNDER 18 ÅR                 ,N,N,N,N,N,N,N,N,N,N,N
4519,31101418432,P,00800,Manuela Wiktor                     ,Knutsen                            ,N,N,N,J,N,KUNDER UNDER 18 ÅR                 ,N,N,N,N,N,N,N,N,N,N,N
4519,05121114471,P,00102,Annelie Jorulf                     ,Ringvold                           ,N,N,N,J,N,KUNDER UNDER 18 ÅR                 ,N,N,N,N,N,N,N,N,N,N,N
4519,17070953285,P,01200,Pablo Madeleine                    ,Nordby                             ,N,N,N,J,N,KUNDER UNDER 18 ÅR                 ,N,N,N,N,N,N,N,N,N,N,N
4519,14031510830,P,01200,Senad Keth                         ,Monstad                            ,N,N,N,J,N,KUNDER UNDER 18 ÅR                 ,N,N,N,N,N,N,N,N,N,N,N
4519,02121206504,P,01200,Tron Annike                        ,Andreassen                         ,N,N,N,J,N,KUNDER UNDER 18 ÅR                 ,N,N,N,N,N,N,N,N,N,N,N
4519,15030752683,P,00102,Ingveig Valentin                   ,Salamonsen                         ,N,N,N,J,N,KUNDER UNDER 18 ÅR                 ,N,N,N,N,N,N,N,N,N,N,N
4519,20111431389,P,00102,Dagfrid Reidar                     ,Svensson                           ,N,N,N,J,N,KUNDER UNDER 18 ÅR                 ,N,N,N,N,N,N,N,N,N,N,N
4519,14111202622,P,00900,Pablo Michelle                     ,Opsal                              ,N,N,N,J,N,KUNDER UNDER 18 ÅR                 ,N,N,N,N,N,N,N,N,N,N,N
4519,15041334794,P,04515,Lotte Jahn                         ,Gudbrandsen                        ,N,N,N,J,N,KUNDER UNDER 18 ÅR                 ,N,N,N,N,N,N,N,N,N,N,N
4519,15051219462,P,00900,Kristiane Haakon                   ,Fure                               ,N,N,N,J,N,KUNDER UNDER 18 ÅR                 ,N,N,N,N,N,N,N,N,N,N,N
4519,09090723747,P,01200,Petr Alva                          ,Jøssang                            ,N,N,N,J,N,KUNDER UNDER 18 ÅR                 ,N,N,N,N,N,N,N,N,N,N,N
4519,23121316064,P,00102,Andre Leila                        ,Kvammen                            ,N,N,N,J,N,KUNDER UNDER 18 ÅR                 ,N,N,N,N,N,N,N,N,N,N,N
4519,17061232559,P,01200,Magomed Milda                      ,Hegre                              ,N,N,N,J,N,KUNDER UNDER 18 ÅR                 ,N,N,N,N,N,N,N,N,N,N,N
4519,20061126504,P,00102,Adelina Kris                       ,Ofstad                             ,N,N,N,J,N,KUNDER UNDER 18 ÅR                 ,N,N,N,N,N,N,N,N,N,N,N
4519,01100812866,P,00102,Gunnveig Fridtjov                  ,Orvik                              ,N,N,N,J,N,KUNDER UNDER 18 ÅR                 ,N,N,N,N,N,N,N,N,N,N,N
4519,06110818198,P,00102,Elsa Viktors                       ,Nilsen                             ,N,N,N,J,N,KUNDER UNDER 18 ÅR                 ,N,N,N,N,N,N,N,N,N,N,N
4519,03041470533,P,01200,Mohamad Hanna                      ,Sakariassen                        ,N,N,N,J,N,KUNDER UNDER 18 ÅR                 ,N,N,N,N,N,N,N,N,N,N,N
4519,28100644152,P,00900,Nikita Frank                       ,Mannes                             ,N,N,N,J,N,KUNDER UNDER 18 ÅR                 ,N,N,N,N,N,N,N,N,N,N,N
4519,31050817787,P,00900,Eli Boye                           ,Solås                              ,N,N,N,J,N,KUNDER UNDER 18 ÅR                 ,N,N,N,N,N,N,N,N,N,N,N
4519,08090674332,P,01200,Neil Møyfrid                       ,Noreng                             ,N,N,N,J,N,KUNDER UNDER 18 ÅR                 ,N,N,N,N,N,N,N,N,N,N,N
4519,04020850855,P,01200,Katherine Vilius                   ,Moldskred                          ,J,N,N,J,N,KUNDER UNDER 18 ÅR                 ,N,N,N,N,N,N,N,N,N,N,N
4519,25111205941,P,00900,Szymon Jytte                       ,Staven                             ,N,N,N,J,N,KUNDER UNDER 18 ÅR                 ,N,N,N,N,N,N,N,N,N,N,N
4519,25021211500,P,00900,Marcelo Lill-Ann                   ,Hovda                              ,N,N,N,J,N,KUNDER UNDER 18 ÅR                 ,N,N,N,N,N,N,N,N,N,N,N
4519,23041076372,P,00800,Sanne Odd-Arne                     ,Fjeldheim                          ,N,N,N,J,N,KUNDER UNDER 18 ÅR                 ,N,N,N,N,N,N,N,N,N,N,N
4519,27081679199,P,00800,Halima Samuel                      ,Skjølberg                          ,N,N,N,J,N,KUNDER UNDER 18 ÅR                 ,N,N,N,N,N,N,N,N,N,N,N
4519,10090731586,P,01200,Ilyas Thuy                         ,Ervik                              ,N,N,N,J,N,KUNDER UNDER 18 ÅR                 ,N,N,N,N,N,N,N,N,N,N,N
4519,10121582711,P,00102,Magomed Daria                      ,Ørbeck                             ,J,N,N,J,N,KUNDER UNDER 18 ÅR                 ,N,N,N,N,N,N,N,N,N,N,N
4519,15021124467,P,00102,Aida Paulo                         ,Brænden                            ,N,N,N,J,N,KUNDER UNDER 18 ÅR                 ,N,N,N,N,N,N,N,N,N,N,N
4519,01111009267,P,00102,Berly Marcelo                      ,Våga                               ,N,N,N,J,N,KUNDER UNDER 18 ÅR                 ,N,N,N,N,N,N,N,N,N,N,N
4519,16050977203,P,00900,Anne-Sofie Billy                   ,Malm                               ,N,N,N,J,N,KUNDER UNDER 18 ÅR                 ,N,N,N,N,N,N,N,N,N,N,N
4519,10071410752,P,00800,Stein Beret                        ,Engum                              ,N,N,N,J,N,KUNDER UNDER 18 ÅR                 ,N,N,N,N,N,N,N,N,N,N,N
4519,04060923480,P,00102,Arnulf Biljana                     ,Løver                              ,N,N,N,J,N,KUNDER UNDER 18 ÅR                 ,N,N,N,N,N,N,N,N,N,N,N
4519,23051101529,P,00900,Maryann Rune                       ,Hoffmann                           ,N,N,N,J,N,KUNDER UNDER 18 ÅR                 ,N,N,N,N,N,N,N,N,N,N,N
4519,22100933687,P,00900,Petr Mary-Ann                      ,Melvold                            ,N,N,N,J,N,KUNDER UNDER 18 ÅR                 ,N,N,N,N,N,N,N,N,N,N,N
4519,22081228756,P,00900,Kari-Anne Audun                    ,Dahlstrøm                          ,N,N,N,J,N,KUNDER UNDER 18 ÅR                 ,N,N,N,N,N,N,N,N,N,N,N
4519,24080622070,P,00102,Lucas Heather                      ,Drabløs                            ,N,N,N,J,N,KUNDER UNDER 18 ÅR                 ,N,N,N,N,N,N,N,N,N,N,N
4519,29011319783,P,00102,Karstein Thao                      ,Lee                                ,N,N,N,J,N,KUNDER UNDER 18 ÅR                 ,N,N,N,N,N,N,N,N,N,N,N
4519,03111382807,P,00102,Jannike Arthur                     ,Aanestad                           ,N,N,N,J,N,KUNDER UNDER 18 ÅR                 ,N,N,N,N,N,N,N,N,N,N,N
4519,28121482926,P,01200,Berly Mikko                        ,Mork                               ,N,N,N,J,N,KUNDER UNDER 18 ÅR                 ,N,N,N,N,N,N,N,N,N,N,N
4519,27071015195,P,00102,Yosef Lorna                        ,Rødal                              ,N,N,N,J,N,KUNDER UNDER 18 ÅR                 ,N,N,N,N,N,N,N,N,N,N,N
4519,12041129245,P,00102,Gerd Vilius                        ,Skullerud                          ,N,N,N,J,N,KUNDER UNDER 18 ÅR                 ,N,N,N,N,N,N,N,N,N,N,N
4519,26061316336,P,00800,Maricel Carsten                    ,Nielsen                            ,N,N,N,J,N,KUNDER UNDER 18 ÅR                 ,N,N,N,N,N,N,N,N,N,N,N
4519,13011320257,P,00102,Grethe Ivo                         ,Nordnes                            ,N,N,N,J,N,KUNDER UNDER 18 ÅR                 ,N,N,N,N,N,N,N,N,N,N,N
4519,10111026500,P,00900,Bettina Babak                      ,Anfinsen                           ,N,N,N,J,N,KUNDER UNDER 18 ÅR                 ,N,N,N,N,N,N,N,N,N,N,N
4519,03110779363,P,01200,Petras Audny                       ,Jevnaker                           ,N,N,N,J,N,KUNDER UNDER 18 ÅR                 ,N,N,N,N,N,N,N,N,N,N,N
4519,06011519332,P,00102,Lotte Jahn                         ,Fischer                            ,N,N,N,J,N,KUNDER UNDER 18 ÅR                 ,N,N,N,N,N,N,N,N,N,N,N
4519,07031404481,P,01200,Gurine Biniam                      ,Sølvberg                           ,N,N,N,J,N,KUNDER UNDER 18 ÅR                 ,N,N,N,N,N,N,N,N,N,N,N
4519,08061676644,P,00800,May Ted                            ,Rise                               ,N,N,N,J,N,KUNDER UNDER 18 ÅR                 ,N,N,N,N,N,N,N,N,N,N,N
4519,14020708159,P,00900,Uno Vigdis                         ,Natvig                             ,N,N,N,J,N,KUNDER UNDER 18 ÅR                 ,N,N,N,N,N,N,N,N,N,N,N
4519,27060915216,P,00900,Aila Skule                         ,Henden                             ,N,N,N,J,N,KUNDER UNDER 18 ÅR                 ,N,N,N,N,N,N,N,N,N,N,N
4519,07010869158,P,01200,Stephanie Hallstein                ,Dreyer                             ,N,N,N,J,N,KUNDER UNDER 18 ÅR                 ,N,N,N,N,N,N,N,N,N,N,N
4519,24101325969,P,00102,Toril Istvan                       ,Lindås                             ,N,N,N,J,N,KUNDER UNDER 18 ÅR                 ,N,N,N,N,N,N,N,N,N,N,N
4519,25101131664,P,01200,Gunni Kato                         ,Nordhus                            ,N,N,N,J,N,KUNDER UNDER 18 ÅR                 ,N,N,N,N,N,N,N,N,N,N,N
4519,06121305354,P,01200,Shahid Catharina                   ,Lilleby                            ,N,N,N,J,N,KUNDER UNDER 18 ÅR                 ,N,N,N,N,N,N,N,N,N,N,N
4519,19011064887,P,00800,Torstein Gisela                    ,Vevang                             ,N,N,N,J,N,KUNDER UNDER 18 ÅR                 ,N,N,N,N,N,N,N,N,N,N,N
4519,07020919064,P,00102,Rizwan Gunnlaug                    ,Lomeland                           ,J,N,N,J,N,KUNDER UNDER 18 ÅR                 ,N,N,N,N,N,N,N,N,N,N,N
4519,29041418204,P,01200,Matilde Marius                     ,Furnes                             ,N,N,N,J,N,KUNDER UNDER 18 ÅR                 ,N,N,N,N,N,N,N,N,N,N,N
4519,15120928527,P,00800,Birgitta Syed                      ,Rimstad                            ,N,N,N,J,N,KUNDER UNDER 18 ÅR                 ,N,N,N,N,N,N,N,N,N,N,N
4519,05060730727,P,00102,Drude Trond                        ,Kvale                              ,N,N,N,J,N,KUNDER UNDER 18 ÅR                 ,N,N,N,N,N,N,N,N,N,N,N
4519,23021009652,P,00102,Thilde Ricardo                     ,Bergstrøm                          ,N,N,N,J,N,KUNDER UNDER 18 ÅR                 ,N,N,N,N,N,N,N,N,N,N,N
4519,02021414126,P,00102,Tony May-Helen                     ,Bruvik                             ,N,N,N,J,N,KUNDER UNDER 18 ÅR                 ,N,N,N,N,N,N,N,N,N,N,N
4519,10121205047,P,00900,Lucie Fridtjov                     ,Eidet                              ,N,N,N,J,N,KUNDER UNDER 18 ÅR                 ,N,N,N,N,N,N,N,N,N,N,N
4519,03050920304,P,00800,Alma Agnar                         ,Hovden                             ,N,N,N,J,N,KUNDER UNDER 18 ÅR                 ,N,N,N,N,N,N,N,N,N,N,N
4519,29090873057,P,01200,Knut-Erik Inghild                  ,Fagerheim                          ,N,N,N,J,N,KUNDER UNDER 18 ÅR                 ,N,N,N,N,N,N,N,N,N,N,N
4519,17051026152,P,01200,Ayla Ingvald                       ,Noreng                             ,N,N,N,J,N,KUNDER UNDER 18 ÅR                 ,N,N,N,N,N,N,N,N,N,N,N
4519,26100601752,P,01200,Maksim Dagrun                      ,Rønningen                          ,N,N,N,J,N,KUNDER UNDER 18 ÅR                 ,N,N,N,N,N,N,N,N,N,N,N
4519,10110806685,P,00103,Curt Nasrin                        ,Åsen                               ,N,N,N,J,N,KUNDER UNDER 18 ÅR                 ,N,N,N,N,N,N,N,N,N,N,N
4519,19021279091,P,00102,Eileen Stuart                      ,Hamid                              ,N,N,N,J,N,KUNDER UNDER 18 ÅR                 ,N,N,N,N,N,N,N,N,N,N,N
4519,13051035709,P,00102,Ehsan Thi                          ,Farstad                            ,N,N,N,J,N,KUNDER UNDER 18 ÅR                 ,N,N,N,N,N,N,N,N,N,N,N
4519,10070811672,P,00102,Tania Edward                       ,Hausken                            ,N,N,N,J,N,KUNDER UNDER 18 ÅR                 ,N,N,N,N,N,N,N,N,N,N,N
4519,09021475464,P,00800,Tor-Inge Marte                     ,Svensson                           ,N,N,N,J,N,KUNDER UNDER 18 ÅR                 ,N,N,N,N,N,N,N,N,N,N,N
4519,09020913948,P,01200,Ravn Eileen                        ,Lidal                              ,N,N,N,J,N,KUNDER UNDER 18 ÅR                 ,N,N,N,N,N,N,N,N,N,N,N
4519,15121504453,P,00102,Lindis Florian                     ,Høgås                              ,N,N,N,J,N,KUNDER UNDER 18 ÅR                 ,N,N,N,N,N,N,N,N,N,N,N
4519,15061317543,P,00800,Erland Anne-Mari                   ,Steinnes                           ,N,N,N,J,N,KUNDER UNDER 18 ÅR                 ,N,N,N,N,N,N,N,N,N,N,N
4519,15120723356,P,00800,Maricel Carsten                    ,Aanestad                           ,N,N,N,J,N,KUNDER UNDER 18 ÅR                 ,N,N,N,N,N,N,N,N,N,N,N
4519,16061017368,P,00900,Saga Njål                          ,Fuglem                             ,N,N,N,J,N,KUNDER UNDER 18 ÅR                 ,N,N,N,N,N,N,N,N,N,N,N
4519,04060824172,P,00900,Norun Edward                       ,Idsø                               ,N,N,N,J,N,KUNDER UNDER 18 ÅR                 ,N,N,N,N,N,N,N,N,N,N,N
4519,23010708605,P,00800,Marcel Signhild                    ,Søvik                              ,N,N,N,J,N,KUNDER UNDER 18 ÅR                 ,N,N,N,N,N,N,N,N,N,N,N
4519,11111575764,P,00800,Mårten Eve                         ,Tharaldsen                         ,N,N,N,J,N,KUNDER UNDER 18 ÅR                 ,N,N,N,N,N,N,N,N,N,N,N
4519,14091131111,P,00900,Maren Jann                         ,Gulliksen                          ,N,N,N,J,N,KUNDER UNDER 18 ÅR                 ,N,N,N,N,N,N,N,N,N,N,N
4519,23070857049,P,00102,Gunnveig Francisco                 ,Aarsand                            ,N,N,N,J,N,KUNDER UNDER 18 ÅR                 ,N,N,N,N,N,N,N,N,N,N,N
4519,30101477939,P,00900,Siw Njål                           ,Roberg                             ,N,N,N,J,N,KUNDER UNDER 18 ÅR                 ,N,N,N,N,N,N,N,N,N,N,N
4519,01021530979,P,00102,Balder Mimmi                       ,Olaussen                           ,N,N,N,J,N,KUNDER UNDER 18 ÅR                 ,N,N,N,N,N,N,N,N,N,N,N
4519,26041366531,P,00900,Bartosz Karine                     ,Norli                              ,N,N,N,J,N,KUNDER UNDER 18 ÅR                 ,N,N,N,N,N,N,N,N,N,N,N
4519,26070763590,P,00102,Knut-Erik Inger-Johanne            ,Iversen                            ,N,N,N,J,N,KUNDER UNDER 18 ÅR                 ,N,N,N,N,N,N,N,N,N,N,N
4519,20061228293,P,00900,Raimondas Juliet                   ,Osmundsen                          ,N,N,N,J,N,KUNDER UNDER 18 ÅR                 ,N,N,N,N,N,N,N,N,N,N,N
4519,13091122175,P,00102,Ragni Jorulf                       ,Vestnes                            ,N,N,N,J,N,KUNDER UNDER 18 ÅR                 ,N,N,N,N,N,N,N,N,N,N,N
4519,16031422004,P,00102,Edgars Grazyna                     ,Thon                               ,N,N,N,J,N,KUNDER UNDER 18 ÅR                 ,N,N,N,N,N,N,N,N,N,N,N
4519,24051007731,P,00900,Arna Knut-Erik                     ,Dalby                              ,N,N,N,J,N,KUNDER UNDER 18 ÅR                 ,N,N,N,N,N,N,N,N,N,N,N
4519,08100703034,P,00900,Sarah Paulo                        ,Kirknes                            ,N,N,N,J,N,KUNDER UNDER 18 ÅR                 ,N,N,N,N,N,N,N,N,N,N,N
4519,17011001270,P,00800,Aasta Mirza                        ,Kongsvik                           ,J,N,N,J,N,KUNDER UNDER 18 ÅR                 ,N,N,N,N,N,N,N,N,N,N,N
4519,15020873857,P,00900,Ina Dmitri                         ,Tvedt                              ,N,N,N,J,N,KUNDER UNDER 18 ÅR                 ,N,N,N,N,N,N,N,N,N,N,N
4519,09050716195,P,06008,Martin Lilly                       ,Nyhuus                             ,N,N,N,J,N,KUNDER UNDER 18 ÅR                 ,N,N,N,N,N,N,N,N,N,N,N
4519,15090715205,P,00102,Shahla Sturle                      ,Nerland                            ,N,N,N,J,N,KUNDER UNDER 18 ÅR                 ,N,N,N,N,N,N,N,N,N,N,N
4519,08110723211,P,00102,Jan-Fredrik Kathe                  ,Vollen                             ,N,N,N,J,N,KUNDER UNDER 18 ÅR                 ,N,N,N,N,N,N,N,N,N,N,N
4519,13071323263,P,00800,Teodor Emelie                      ,Rikardsen                          ,N,N,N,J,N,KUNDER UNDER 18 ÅR                 ,N,N,N,N,N,N,N,N,N,N,N
4519,30010809483,P,00102,Ilona Birger                       ,Meidell                            ,N,N,N,J,N,KUNDER UNDER 18 ÅR                 ,N,N,N,N,N,N,N,N,N,N,N
4519,04071276290,P,01200,Mogens Naomi                       ,Miljeteig                          ,N,N,N,J,N,KUNDER UNDER 18 ÅR                 ,N,N,N,N,N,N,N,N,N,N,N
4519,03080875192,P,00900,Eystein Marlene                    ,Lomeland                           ,N,N,N,J,N,KUNDER UNDER 18 ÅR                 ,N,N,N,N,N,N,N,N,N,N,N
4519,14111225967,P,01200,Hani Billy                         ,Rosenvinge                         ,N,N,N,J,N,KUNDER UNDER 18 ÅR                 ,N,N,N,N,N,N,N,N,N,N,N
4519,20101019838,P,00900,Hroar Nicoleta                     ,Grønning                           ,N,N,N,J,N,KUNDER UNDER 18 ÅR                 ,N,N,N,N,N,N,N,N,N,N,N
4519,31081108660,P,00102,Runhild Marcelo                    ,Lynum                              ,N,N,N,J,N,KUNDER UNDER 18 ÅR                 ,N,N,N,N,N,N,N,N,N,N,N
4519,29021221781,P,00900,Maricel Carsten                    ,Mehmood                            ,N,N,N,J,N,KUNDER UNDER 18 ÅR                 ,N,N,N,N,N,N,N,N,N,N,N
4519,12031129255,P,00900,Beate Gaute                        ,Helseth                            ,N,N,N,J,N,KUNDER UNDER 18 ÅR                 ,N,N,N,N,N,N,N,N,N,N,N
4519,30070813897,P,00800,Sajjad Lidia                       ,Røysland                           ,N,N,N,J,N,KUNDER UNDER 18 ÅR                 ,N,N,N,N,N,N,N,N,N,N,N
4519,07120808901,P,00900,Karita Dean                        ,Kvinge                             ,N,N,N,J,N,KUNDER UNDER 18 ÅR                 ,N,N,N,N,N,N,N,N,N,N,N
4519,20111209120,P,00102,Andrej Anne-Lill                   ,Nesheim                            ,N,N,N,J,N,KUNDER UNDER 18 ÅR                 ,N,N,N,N,N,N,N,N,N,N,N
4519,09011426759,P,00102,Jorge Viviann                      ,Johansen                           ,N,N,N,J,N,KUNDER UNDER 18 ÅR                 ,N,N,N,N,N,N,N,N,N,N,N
4519,18061615683,P,00102,Bjarte Amalia                      ,Østgaard                           ,N,N,N,J,N,KUNDER UNDER 18 ÅR                 ,N,N,N,N,N,N,N,N,N,N,N
4519,11051013451,P,00102,Raisa Torgny                       ,Jæger                              ,N,N,N,J,N,KUNDER UNDER 18 ÅR                 ,N,N,N,N,N,N,N,N,N,N,N
4519,08050742556,P,01200,Ådne Karine                        ,Bjerknes                           ,N,N,N,J,N,KUNDER UNDER 18 ÅR                 ,N,N,N,N,N,N,N,N,N,N,N
4519,23120903365,P,00102,Skjalg Janicke                     ,Berntsen                           ,N,N,N,J,N,KUNDER UNDER 18 ÅR                 ,N,N,N,N,N,N,N,N,N,N,N
4519,05050832173,P,00102,Hallgeir Celine                    ,Barth                              ,N,N,N,J,N,KUNDER UNDER 18 ÅR                 ,N,N,N,N,N,N,N,N,N,N,N
4519,15071028094,P,00900,Isabella Trond                     ,Miller                             ,N,N,N,J,N,KUNDER UNDER 18 ÅR                 ,N,N,N,N,N,N,N,N,N,N,N
4519,10121205128,P,01200,Aila Sverre                        ,Røise                              ,N,N,N,J,N,KUNDER UNDER 18 ÅR                 ,N,N,N,N,N,N,N,N,N,N,N
4519,15030769624,P,00102,Yohannes Lily                      ,Ryen                               ,N,N,N,J,N,KUNDER UNDER 18 ÅR                 ,N,N,N,N,N,N,N,N,N,N,N
4519,30071207435,P,00800,Ingve Jocelyn                      ,Træet                              ,N,N,N,J,N,KUNDER UNDER 18 ÅR                 ,N,N,N,N,N,N,N,N,N,N,N
4519,14101321704,P,01200,Zivile Ramin                       ,Miller                             ,N,N,N,J,N,KUNDER UNDER 18 ÅR                 ,N,N,N,N,N,N,N,N,N,N,N
4519,06031029552,P,00800,Lucy Biniam                        ,Grønberg                           ,N,N,N,J,N,KUNDER UNDER 18 ÅR                 ,N,N,N,N,N,N,N,N,N,N,N
4519,23121434180,P,00800,Andres Asia                        ,Nymo                               ,J,N,N,J,N,KUNDER UNDER 18 ÅR                 ,N,N,N,N,N,N,N,N,N,N,N
4519,03020633149,P,00900,Juan Lorna                         ,Brakstad                           ,N,N,N,J,N,KUNDER UNDER 18 ÅR                 ,N,N,N,N,N,N,N,N,N,N,N
4519,15030766315,P,01200,Halldis Thorgeir                   ,Sødal                              ,N,N,N,J,N,KUNDER UNDER 18 ÅR                 ,N,N,N,N,N,N,N,N,N,N,N
4519,29091302924,P,01200,Ib Åshild                          ,Espedal                            ,N,N,N,J,N,KUNDER UNDER 18 ÅR                 ,N,N,N,N,N,N,N,N,N,N,N
4519,06021532108,P,00102,Ravn Eileen                        ,Jordet                             ,N,N,N,J,N,KUNDER UNDER 18 ÅR                 ,N,N,N,N,N,N,N,N,N,N,N
4519,09061011290,P,00102,Denis Farah                        ,Ahmad                              ,N,N,N,J,N,KUNDER UNDER 18 ÅR                 ,N,N,N,N,N,N,N,N,N,N,N
4519,14070621569,P,00102,Margun Asbjørn                     ,Bjørnøy                            ,N,N,N,J,N,KUNDER UNDER 18 ÅR                 ,N,N,N,N,N,N,N,N,N,N,N
4519,01030920860,P,01200,Mårten Marija                      ,Fagerheim                          ,N,N,N,J,N,KUNDER UNDER 18 ÅR                 ,N,N,N,N,N,N,N,N,N,N,N
4519,30011005795,P,00102,Ernestas Mia                       ,Stien                              ,N,N,N,J,N,KUNDER UNDER 18 ÅR                 ,N,N,N,N,N,N,N,N,N,N,N
4519,06080801562,P,00800,Isa Albin                          ,Winther                            ,N,N,N,J,N,KUNDER UNDER 18 ÅR                 ,N,N,N,N,N,N,N,N,N,N,N
4519,19090661666,P,00102,Hroar Zofia                        ,Holmsen                            ,N,N,N,J,N,KUNDER UNDER 18 ÅR                 ,N,N,N,N,N,N,N,N,N,N,N
4519,22061426616,P,01200,Joacim Jytte                       ,Gjerstad                           ,N,N,N,J,N,KUNDER UNDER 18 ÅR                 ,N,N,N,N,N,N,N,N,N,N,N
4519,25081301266,P,00102,Inger-Anne Agnar                   ,Valle                              ,J,N,N,J,N,KUNDER UNDER 18 ÅR                 ,N,N,N,N,N,N,N,N,N,N,N
4519,11081025667,P,00102,Torolf Mila                        ,Rognerud                           ,N,N,N,J,N,KUNDER UNDER 18 ÅR                 ,N,N,N,N,N,N,N,N,N,N,N
4519,18051677842,P,00102,Janna Donald                       ,Grue                               ,N,N,N,J,N,KUNDER UNDER 18 ÅR                 ,N,N,N,N,N,N,N,N,N,N,N
4519,10060930088,P,00800,Franz Torunn                       ,Albertsen                          ,N,N,N,J,N,KUNDER UNDER 18 ÅR                 ,N,N,N,N,N,N,N,N,N,N,N
4519,28011016563,P,00102,Kristbjørg Valentin                ,Fidjeland                          ,N,N,N,J,N,KUNDER UNDER 18 ÅR                 ,N,N,N,N,N,N,N,N,N,N,N
4519,16031517897,P,01200,Asle Tetyana                       ,Edvardsen                          ,N,N,N,J,N,KUNDER UNDER 18 ÅR                 ,N,N,N,N,N,N,N,N,N,N,N
4519,02031031292,P,00102,Kersti Muhamed                     ,Arif                               ,N,N,N,J,N,KUNDER UNDER 18 ÅR                 ,N,N,N,N,N,N,N,N,N,N,N
4519,28090901402,P,00800,Torny Sasa                         ,Valseth                            ,N,N,N,J,N,KUNDER UNDER 18 ÅR                 ,N,N,N,N,N,N,N,N,N,N,N
4519,10010702432,P,00102,Rodrigo Inghild                    ,Kvaløy                             ,N,N,N,J,N,KUNDER UNDER 18 ÅR                 ,N,N,N,N,N,N,N,N,N,N,N
4519,04070739181,P,00800,Eliza Rudi                         ,Haldorsen                          ,N,N,N,J,N,KUNDER UNDER 18 ÅR                 ,N,N,N,N,N,N,N,N,N,N,N
4519,31070856681,P,00102,Pernilla Matias                    ,Orvik                              ,N,N,N,J,N,KUNDER UNDER 18 ÅR                 ,N,N,N,N,N,N,N,N,N,N,N
4519,01010730135,P,00102,Mie Magnus                         ,Lilleby                            ,N,N,N,J,N,KUNDER UNDER 18 ÅR                 ,N,N,N,N,N,N,N,N,N,N,N
4519,21021077965,P,00800,Amira Aleksandrs                   ,Bjørkheim                          ,N,N,N,J,N,KUNDER UNDER 18 ÅR                 ,N,N,N,N,N,N,N,N,N,N,N
4519,05090933452,P,00102,Margrete Juozas                    ,Hellesø                            ,N,N,N,J,N,KUNDER UNDER 18 ÅR                 ,N,N,N,N,N,N,N,N,N,N,N
4519,11021525873,P,01200,Nataniel Hennie                    ,Vassbotn                           ,N,N,N,J,N,KUNDER UNDER 18 ÅR                 ,N,N,N,N,N,N,N,N,N,N,N
4519,23081129800,P,00800,Veronika Juozas                    ,Homme                              ,N,N,N,J,N,KUNDER UNDER 18 ÅR                 ,N,N,N,N,N,N,N,N,N,N,N
4519,06061261662,P,01200,Mehmed Jorunn                      ,Angvik                             ,N,N,N,J,N,KUNDER UNDER 18 ÅR                 ,N,N,N,N,N,N,N,N,N,N,N
4519,25111101151,P,00102,Sajjad Leni                        ,Storsve                            ,N,N,N,J,N,KUNDER UNDER 18 ÅR                 ,N,N,N,N,N,N,N,N,N,N,N
4519,23020676531,P,00800,Thorsten Aida                      ,Aspaas                             ,N,N,N,J,N,KUNDER UNDER 18 ÅR                 ,N,N,N,N,N,N,N,N,N,N,N
4519,25020708916,P,01200,Eystein Åsta                       ,Lysø                               ,N,N,N,J,N,KUNDER UNDER 18 ÅR                 ,N,N,N,N,N,N,N,N,N,N,N
4519,16080709203,P,00800,Herdis Mantas                      ,Røgeberg                           ,N,N,N,J,N,KUNDER UNDER 18 ÅR                 ,N,N,N,N,N,N,N,N,N,N,N
4519,13040902613,P,00102,Sigita Hallgeir                    ,Vevang                             ,N,N,N,J,N,KUNDER UNDER 18 ÅR                 ,N,N,N,N,N,N,N,N,N,N,N
4519,04121576231,P,00102,Ingela Stig                        ,Fretheim                           ,N,N,N,J,N,KUNDER UNDER 18 ÅR                 ,N,N,N,N,N,N,N,N,N,N,N
4519,28021001351,P,00102,Maureen Ireneusz                   ,Revheim                            ,N,N,N,J,N,KUNDER UNDER 18 ÅR                 ,N,N,N,N,N,N,N,N,N,N,N
4519,13090635675,P,01200,Wiktoria Ramin                     ,Alm                                ,N,N,N,J,N,KUNDER UNDER 18 ÅR                 ,N,N,N,N,N,N,N,N,N,N,N
4519,19051026392,P,00800,Emilio Anna                        ,Valseth                            ,N,N,N,J,N,KUNDER UNDER 18 ÅR                 ,N,N,N,N,N,N,N,N,N,N,N
4519,29120916570,P,01200,Ole-Morten Dødsbo                  ,Bruland                            ,N,N,N,J,N,KUNDER UNDER 18 ÅR                 ,N,N,N,N,N,N,N,N,N,N,N
4519,28100635730,P,00800,Venke Roald                        ,Bremnes                            ,N,N,N,J,N,KUNDER UNDER 18 ÅR                 ,N,N,N,N,N,N,N,N,N,N,N
4519,11031331449,P,00800,Franz Raimonda                     ,Loe                                ,N,N,N,J,N,KUNDER UNDER 18 ÅR                 ,N,N,N,N,N,N,N,N,N,N,N
4519,28030851708,P,00102,Håvard Alia                        ,Nistad                             ,N,N,N,J,N,KUNDER UNDER 18 ÅR                 ,N,N,N,N,N,N,N,N,N,N,N
4519,17071412202,P,00102,Susanna Rudi                       ,Hystad                             ,N,N,N,J,N,KUNDER UNDER 18 ÅR                 ,N,N,N,N,N,N,N,N,N,N,N
4519,30080614558,P,00102,Dumitru Malgorzata                 ,Wulff                              ,N,N,N,J,N,KUNDER UNDER 18 ÅR                 ,N,N,N,N,N,N,N,N,N,N,N
4519,10020602673,P,00900,Signhild Torbjørn                  ,Rolfsen                            ,N,N,N,J,N,KUNDER UNDER 18 ÅR                 ,N,N,N,N,N,N,N,N,N,N,N
4519,07020810720,P,01200,Dagrunn Julian                     ,Bjørvik                            ,N,N,N,J,N,KUNDER UNDER 18 ÅR                 ,N,N,N,N,N,N,N,N,N,N,N
4519,20100926289,P,00102,Borghild Mathis                    ,Moberg                             ,N,N,N,J,N,KUNDER UNDER 18 ÅR                 ,N,N,N,N,N,N,N,N,N,N,N
4519,07041405850,P,00102,Ingvill Aleksandrs                 ,Herigstad                          ,N,N,N,J,N,KUNDER UNDER 18 ÅR                 ,N,N,N,N,N,N,N,N,N,N,N
4519,15010713355,P,00800,Marika Hans-Christian              ,Hilstad                            ,N,N,N,J,N,KUNDER UNDER 18 ÅR                 ,N,N,N,N,N,N,N,N,N,N,N
4519,14051317948,P,00900,Hallstein Marija                   ,Mikkelborg                         ,N,N,N,J,N,KUNDER UNDER 18 ÅR                 ,N,N,N,N,N,N,N,N,N,N,N
4519,07071456042,P,01200,Torsten Theresa                    ,Hauge                              ,N,N,N,J,N,KUNDER UNDER 18 ÅR                 ,N,N,N,N,N,N,N,N,N,N,N
4519,28111278107,P,00102,Siren Christer                     ,Kind                               ,N,N,N,J,N,KUNDER UNDER 18 ÅR                 ,N,N,N,N,N,N,N,N,N,N,N
4519,21030980384,P,00800,Jorge Juliet                       ,Slyngstad                          ,N,N,N,J,N,KUNDER UNDER 18 ÅR                 ,N,N,N,N,N,N,N,N,N,N,N
4519,05121323259,P,00102,Lan Mahdi                          ,Negård                             ,N,N,N,J,N,KUNDER UNDER 18 ÅR                 ,N,N,N,N,N,N,N,N,N,N,N
4519,08051027842,P,00102,Andrej Gro                         ,Vevang                             ,N,N,N,J,N,KUNDER UNDER 18 ÅR                 ,N,N,N,N,N,N,N,N,N,N,N
4519,06041016785,P,00800,Mohamad Oddbjørg                   ,Kvalsund                           ,N,N,N,J,N,KUNDER UNDER 18 ÅR                 ,N,N,N,N,N,N,N,N,N,N,N
4519,04040918839,P,00800,Aase Mateo                         ,Hunstad                            ,N,N,N,J,N,KUNDER UNDER 18 ÅR                 ,N,N,N,N,N,N,N,N,N,N,N
4519,10090914125,P,01200,Katrine Sturla                     ,Bakken                             ,N,N,N,J,N,KUNDER UNDER 18 ÅR                 ,N,N,N,N,N,N,N,N,N,N,N
4519,29030768939,P,00102,Leena Leon                         ,Opdahl                             ,N,N,N,J,N,KUNDER UNDER 18 ÅR                 ,N,N,N,N,N,N,N,N,N,N,N
4519,29011728179,P,00102,Normann Reidun                     ,Mathisen                           ,N,N,N,J,N,KUNDER UNDER 18 ÅR                 ,N,N,N,N,N,N,N,N,N,N,N
4519,08020658712,P,00800,Yosef Lorna                        ,Kjærvik                            ,N,N,N,J,N,KUNDER UNDER 18 ÅR                 ,N,N,N,N,N,N,N,N,N,N,N
4519,13110642509,P,00900,Andrej Carolyn                     ,Nystrøm                            ,N,N,N,J,N,KUNDER UNDER 18 ÅR                 ,N,N,N,N,N,N,N,N,N,N,N
4519,10051123749,P,00800,Mai Mantas                         ,Austad                             ,N,N,N,J,N,KUNDER UNDER 18 ÅR                 ,N,N,N,N,N,N,N,N,N,N,N
4519,10100921745,P,01200,Esther Paulo                       ,Dalaker                            ,N,N,N,J,N,KUNDER UNDER 18 ÅR                 ,N,N,N,N,N,N,N,N,N,N,N
4519,24070865110,P,00102,Kathleen Willy                     ,Rogstad                            ,N,N,N,J,N,KUNDER UNDER 18 ÅR                 ,N,N,N,N,N,N,N,N,N,N,N
4519,27031322346,P,00102,Alison Lars-Erik                   ,Hegglund                           ,N,N,N,J,N,KUNDER UNDER 18 ÅR                 ,N,N,N,N,N,N,N,N,N,N,N
4519,09040912700,P,01200,Christa Carsten                    ,Dyrnes                             ,N,N,N,J,N,KUNDER UNDER 18 ÅR                 ,N,N,N,N,N,N,N,N,N,N,N
4519,20021226484,P,00900,Stener Mirjam                      ,Butt                               ,N,N,N,J,N,KUNDER UNDER 18 ÅR                 ,N,N,N,N,N,N,N,N,N,N,N
4519,14010612420,P,00102,Lill Varg                          ,Sønstebø                           ,N,N,N,J,N,KUNDER UNDER 18 ÅR                 ,N,N,N,N,N,N,N,N,N,N,N
4519,22090725746,P,00102,Joar Ilona                         ,Lilleberg                          ,N,N,N,J,N,KUNDER UNDER 18 ÅR                 ,N,N,N,N,N,N,N,N,N,N,N
4519,04011219069,P,00102,Signhild Paulo                     ,Reite                              ,N,N,N,J,N,KUNDER UNDER 18 ÅR                 ,N,N,N,N,N,N,N,N,N,N,N
4519,27071207418,P,00102,Ena Ole-Marius                     ,Evertsen                           ,N,N,N,J,N,KUNDER UNDER 18 ÅR                 ,N,N,N,N,N,N,N,N,N,N,N
4519,03111228328,P,00102,Asbjørg Cesar                      ,Toresen                            ,N,N,N,J,N,KUNDER UNDER 18 ÅR                 ,N,N,N,N,N,N,N,N,N,N,N
4519,10100624244,P,01200,Anny Istvan                        ,Vevang                             ,N,N,N,J,N,KUNDER UNDER 18 ÅR                 ,N,N,N,N,N,N,N,N,N,N,N
4519,22051505828,P,00102,Nikita Layla                       ,Stornes                            ,N,N,N,J,N,KUNDER UNDER 18 ÅR                 ,N,N,N,N,N,N,N,N,N,N,N
4519,21061390259,P,00102,Andres Vita                        ,Lomeland                           ,J,N,N,J,N,KUNDER UNDER 18 ÅR                 ,N,N,N,N,N,N,N,N,N,N,N
4519,13021111117,P,00102,Pamela Staffan                     ,Kvande                             ,N,N,N,J,N,KUNDER UNDER 18 ÅR                 ,N,N,N,N,N,N,N,N,N,N,N
4519,31071363026,P,00102,Kjellaug Egon                      ,Kjøde                              ,N,N,N,J,N,KUNDER UNDER 18 ÅR                 ,N,N,N,N,N,N,N,N,N,N,N
4519,08011578331,P,00800,Oskar Thu                          ,Nygaard                            ,N,N,N,J,N,KUNDER UNDER 18 ÅR                 ,N,N,N,N,N,N,N,N,N,N,N
4519,29090626653,P,00102,Majken Dani                        ,Fardal                             ,N,N,N,J,N,KUNDER UNDER 18 ÅR                 ,N,N,N,N,N,N,N,N,N,N,N
4519,16080712298,P,01200,Augusta Jack                       ,Vartdal                            ,N,N,N,J,N,KUNDER UNDER 18 ÅR                 ,N,N,N,N,N,N,N,N,N,N,N
4519,18091109375,P,00102,Lilli Francisco                    ,Langseth                           ,N,N,N,J,N,KUNDER UNDER 18 ÅR                 ,N,N,N,N,N,N,N,N,N,N,N
4519,06010977434,P,00102,Odny Jack                          ,Hågensen                           ,N,N,N,J,N,KUNDER UNDER 18 ÅR                 ,N,N,N,N,N,N,N,N,N,N,N
4519,09030877400,P,00900,Jardar Weronika                    ,Lohne                              ,N,N,N,J,N,KUNDER UNDER 18 ÅR                 ,N,N,N,N,N,N,N,N,N,N,N
4519,04071314214,P,00102,Justinas Celin                     ,Ullestad                           ,N,N,N,J,N,KUNDER UNDER 18 ÅR                 ,N,N,N,N,N,N,N,N,N,N,N
4519,20020610191,P,00102,Søren Rakel                        ,Hynne                              ,N,N,N,J,N,KUNDER UNDER 18 ÅR                 ,N,N,N,N,N,N,N,N,N,N,N
4519,30070824805,P,00900,Ann-Kristin Paulo                  ,Thompson                           ,N,N,N,J,N,KUNDER UNDER 18 ÅR                 ,N,N,N,N,N,N,N,N,N,N,N
4519,02110630363,P,00102,Runi Willy                         ,Fardal                             ,N,N,N,J,N,KUNDER UNDER 18 ÅR                 ,N,N,N,N,N,N,N,N,N,N,N
4519,05020750369,P,00102,Marry Gheorghe                     ,Vevang                             ,N,N,N,J,N,KUNDER UNDER 18 ÅR                 ,N,N,N,N,N,N,N,N,N,N,N
4519,03041226500,P,01200,Szymon Ethel                       ,Bjørlo                             ,N,N,N,J,N,KUNDER UNDER 18 ÅR                 ,N,N,N,N,N,N,N,N,N,N,N
4519,13101305176,P,00800,Asmund Aasne                       ,Kjøsnes                            ,N,N,N,J,N,KUNDER UNDER 18 ÅR                 ,N,N,N,N,N,N,N,N,N,N,N
4519,27011210452,P,00102,Mateusz Brit                       ,Vindenes                           ,N,N,N,J,N,KUNDER UNDER 18 ÅR                 ,N,N,N,N,N,N,N,N,N,N,N
4519,10071527129,P,01200,Marcel Signe                       ,Fagerli                            ,N,N,N,J,N,KUNDER UNDER 18 ÅR                 ,N,N,N,N,N,N,N,N,N,N,N
4519,01080801749,P,01200,Tonje Romas                        ,Borg                               ,N,N,N,J,N,KUNDER UNDER 18 ÅR                 ,N,N,N,N,N,N,N,N,N,N,N
4519,04070940197,P,00102,Torkell Solbjørg                   ,Helgestad                          ,N,N,N,J,N,KUNDER UNDER 18 ÅR                 ,N,N,N,N,N,N,N,N,N,N,N
4519,01010927788,P,00102,Asif Tirill                        ,Drevland                           ,N,N,N,J,N,KUNDER UNDER 18 ÅR                 ,N,N,N,N,N,N,N,N,N,N,N
4519,08060877522,P,00800,Lucia Romas                        ,Olaussen                           ,N,N,N,J,N,KUNDER UNDER 18 ÅR                 ,N,N,N,N,N,N,N,N,N,N,N
4519,26010814684,P,00900,Patric Bergliot                    ,Høgset                             ,N,N,N,J,N,KUNDER UNDER 18 ÅR                 ,N,N,N,N,N,N,N,N,N,N,N
4519,25020918082,P,00800,Eduardo Vilde                      ,Lee                                ,N,N,N,J,N,KUNDER UNDER 18 ÅR                 ,N,N,N,N,N,N,N,N,N,N,N
4519,28101309578,P,00102,Jelena Kato                        ,Bendiksen                          ,N,N,N,J,N,KUNDER UNDER 18 ÅR                 ,N,N,N,N,N,N,N,N,N,N,N
4519,25101102702,P,01200,Annabel Oddmund                    ,Tiller                             ,N,N,N,J,N,KUNDER UNDER 18 ÅR                 ,N,N,N,N,N,N,N,N,N,N,N
4519,26111507510,P,00102,Berith Miguel                      ,Forseth                            ,N,N,N,J,N,KUNDER UNDER 18 ÅR                 ,N,N,N,N,N,N,N,N,N,N,N
4519,26101416002,P,00102,Radoslaw Ann-Mari                  ,Garcia                             ,J,N,N,J,N,KUNDER UNDER 18 ÅR                 ,N,N,N,N,N,N,N,N,N,N,N
4519,07051326991,P,00102,Aasa Mindaugas                     ,Bratvold                           ,N,N,N,J,N,KUNDER UNDER 18 ÅR                 ,N,N,N,N,N,N,N,N,N,N,N
4519,01101018950,P,00102,Vasile Maret                       ,Brunstad                           ,N,N,N,J,N,KUNDER UNDER 18 ÅR                 ,N,N,N,N,N,N,N,N,N,N,N
4519,06031325755,P,01200,Alexandra Tron                     ,Bergseth                           ,N,N,N,J,N,KUNDER UNDER 18 ÅR                 ,N,N,N,N,N,N,N,N,N,N,N
4519,24050811790,P,01200,Neil Gyri                          ,Hestad                             ,N,N,N,J,N,KUNDER UNDER 18 ÅR                 ,N,N,N,N,N,N,N,N,N,N,N
4519,07031204288,P,00900,Oluf Gabriele                      ,Myrene                             ,N,N,N,J,N,KUNDER UNDER 18 ÅR                 ,N,N,N,N,N,N,N,N,N,N,N
4519,17020919116,P,01200,Oliwia Rytis                       ,Dyrøy                              ,N,N,N,J,N,KUNDER UNDER 18 ÅR                 ,N,N,N,N,N,N,N,N,N,N,N
4519,28041171997,P,00900,Juan Lorna                         ,Sortland                           ,N,N,N,J,N,KUNDER UNDER 18 ÅR                 ,N,N,N,N,N,N,N,N,N,N,N
4519,24111376685,P,00900,Anniken Anstein                    ,Bårdsen                            ,N,N,N,J,N,KUNDER UNDER 18 ÅR                 ,N,N,N,N,N,N,N,N,N,N,N
4519,04040714370,P,00800,Oluf Sanja                         ,Christensen                        ,N,N,N,J,N,KUNDER UNDER 18 ÅR                 ,N,N,N,N,N,N,N,N,N,N,N
4519,12040601838,P,01200,Torolf Sophie                      ,Holden                             ,N,N,N,J,N,KUNDER UNDER 18 ÅR                 ,N,N,N,N,N,N,N,N,N,N,N
4519,20031579679,P,00102,Kristianne Hallgeir                ,Oma                                ,N,N,N,J,N,KUNDER UNDER 18 ÅR                 ,N,N,N,N,N,N,N,N,N,N,N
4519,26121276460,P,00900,Jovita Rune                        ,Wessel                             ,N,N,N,J,N,KUNDER UNDER 18 ÅR                 ,N,N,N,N,N,N,N,N,N,N,N
4519,10021336225,P,00900,Sollaug Laimonas                   ,Borge                              ,N,N,N,J,N,KUNDER UNDER 18 ÅR                 ,N,N,N,N,N,N,N,N,N,N,N
4519,30111113897,P,01200,Fillip Jessica                     ,Bui                                ,N,N,N,J,N,KUNDER UNDER 18 ÅR                 ,N,N,N,N,N,N,N,N,N,N,N
4519,21050611075,P,00900,Dina Cesar                         ,Ballestad                          ,N,N,N,J,N,KUNDER UNDER 18 ÅR                 ,N,N,N,N,N,N,N,N,N,N,N
4519,13061309785,P,00102,Birgit Laimonas                    ,Mælen                              ,N,N,N,J,N,KUNDER UNDER 18 ÅR                 ,N,N,N,N,N,N,N,N,N,N,N
4519,21071318513,P,01200,Thordis Wiktor                     ,Skagen                             ,N,N,N,J,N,KUNDER UNDER 18 ÅR                 ,N,N,N,N,N,N,N,N,N,N,N
4519,16041028649,P,01200,Øyvor Jan-Roger                    ,Miller                             ,N,N,N,J,N,KUNDER UNDER 18 ÅR                 ,N,N,N,N,N,N,N,N,N,N,N
4519,01091517880,P,00800,Amelia Rudi                        ,Landrø                             ,N,N,N,J,N,KUNDER UNDER 18 ÅR                 ,N,N,N,N,N,N,N,N,N,N,N
4519,10101313110,P,01200,Rodney Wenke                       ,Ekeberg                            ,N,N,N,J,N,KUNDER UNDER 18 ÅR                 ,N,N,N,N,N,N,N,N,N,N,N
4519,01090955795,P,00102,Polina Sinisa                      ,Grebstad                           ,N,N,N,J,N,KUNDER UNDER 18 ÅR                 ,N,N,N,N,N,N,N,N,N,N,N
4519,17010976499,P,00102,Majken Hans-Christian              ,Rognan                             ,N,N,N,J,N,KUNDER UNDER 18 ÅR                 ,N,N,N,N,N,N,N,N,N,N,N
4519,11080635445,P,00900,Angelika Umar                      ,Gustad                             ,J,N,N,J,N,KUNDER UNDER 18 ÅR                 ,N,N,N,N,N,N,N,N,N,N,N
4519,14091110130,P,01200,Kornelia Alv                       ,Ulven                              ,N,N,N,J,N,KUNDER UNDER 18 ÅR                 ,N,N,N,N,N,N,N,N,N,N,N
4519,01051126188,P,00900,Liudmila Pawel                     ,Hval                               ,N,N,N,J,N,KUNDER UNDER 18 ÅR                 ,N,N,N,N,N,N,N,N,N,N,N
4519,25071234471,P,01200,Maryann Kamran                     ,Berge                              ,N,N,N,J,N,KUNDER UNDER 18 ÅR                 ,N,N,N,N,N,N,N,N,N,N,N
4519,31050701185,P,00102,Shahid Marion                      ,Bjerkan                            ,N,N,N,J,N,KUNDER UNDER 18 ÅR                 ,N,N,N,N,N,N,N,N,N,N,N
4519,20121031214,P,00800,Mika Jorid                         ,Rønningen                          ,N,N,N,J,N,KUNDER UNDER 18 ÅR                 ,N,N,N,N,N,N,N,N,N,N,N
4519,12071466858,P,00102,Sahar Kenneth                      ,Grue                               ,N,N,N,J,N,KUNDER UNDER 18 ÅR                 ,N,N,N,N,N,N,N,N,N,N,N
4519,15031176139,P,00102,Ingmar Silke                       ,Stiansen                           ,N,N,N,J,N,KUNDER UNDER 18 ÅR                 ,N,N,N,N,N,N,N,N,N,N,N
4519,20101032028,P,00800,Werner Inger-Marie                 ,Erland                             ,N,N,N,J,N,KUNDER UNDER 18 ÅR                 ,N,N,N,N,N,N,N,N,N,N,N
4519,08011119175,P,00900,Therese Samuel                     ,Midttveit                          ,N,N,N,J,N,KUNDER UNDER 18 ÅR                 ,N,N,N,N,N,N,N,N,N,N,N
4519,15110876367,P,01200,Oluf Sanja                         ,Wu                                 ,N,N,N,J,N,KUNDER UNDER 18 ÅR                 ,N,N,N,N,N,N,N,N,N,N,N
4519,23110717318,P,00102,Anne-Sofie Idris                   ,Kvien                              ,N,N,N,J,N,KUNDER UNDER 18 ÅR                 ,N,N,N,N,N,N,N,N,N,N,N
4519,08080908297,P,00102,Cathrin Staffan                    ,Vevang                             ,N,N,N,J,N,KUNDER UNDER 18 ÅR                 ,N,N,N,N,N,N,N,N,N,N,N
4519,11011401815,P,01200,Tatjana Viktors                    ,Rogne                              ,N,N,N,J,N,KUNDER UNDER 18 ÅR                 ,N,N,N,N,N,N,N,N,N,N,N
4519,03020605161,P,00102,Maksim Aslaug                      ,Tallaksen                          ,N,N,N,J,N,KUNDER UNDER 18 ÅR                 ,N,N,N,N,N,N,N,N,N,N,N
4519,01040717591,P,00102,Tarjei Agata                       ,Stormoen                           ,N,N,N,J,N,KUNDER UNDER 18 ÅR                 ,N,N,N,N,N,N,N,N,N,N,N
4519,08031313830,P,00102,Iben Eliza                         ,Wiggen                             ,J,N,N,J,N,KUNDER UNDER 18 ÅR                 ,N,N,N,N,N,N,N,N,N,N,N
4519,27031011960,P,00102,Andrej Anne-Lill                   ,Trønnes                            ,N,N,N,J,N,KUNDER UNDER 18 ÅR                 ,N,N,N,N,N,N,N,N,N,N,N
4519,02070962074,P,00900,Borger Aase                        ,Olaussen                           ,N,N,N,J,N,KUNDER UNDER 18 ÅR                 ,N,N,N,N,N,N,N,N,N,N,N
4519,03090765603,P,00102,Asif Torun                         ,Abukar                             ,N,N,N,J,N,KUNDER UNDER 18 ÅR                 ,N,N,N,N,N,N,N,N,N,N,N
4519,22100730689,P,01200,Jeremy Bodhild                     ,Fjærli                             ,N,N,N,J,N,KUNDER UNDER 18 ÅR                 ,N,N,N,N,N,N,N,N,N,N,N
4519,20090715896,P,00900,Torolf Lill-Tove                   ,Holter                             ,N,N,N,J,N,KUNDER UNDER 18 ÅR                 ,N,N,N,N,N,N,N,N,N,N,N
4519,19080906962,P,00102,Tadeusz Mimi                       ,Nordengen                          ,N,N,N,J,N,KUNDER UNDER 18 ÅR                 ,N,N,N,N,N,N,N,N,N,N,N
4519,28121420262,P,01200,Heike Nabil                        ,Svensson                           ,N,N,N,J,N,KUNDER UNDER 18 ÅR                 ,N,N,N,N,N,N,N,N,N,N,N
4519,24021214961,P,01200,Lan Orhan                          ,Kjøsnes                            ,N,N,N,J,N,KUNDER UNDER 18 ÅR                 ,N,N,N,N,N,N,N,N,N,N,N
4519,30111336578,P,00900,Asma Kenny                         ,Olaussen                           ,N,N,N,J,N,KUNDER UNDER 18 ÅR                 ,N,N,N,N,N,N,N,N,N,N,N
4519,04091115803,P,00900,Skjalg Siri                        ,Ottesen                            ,N,N,N,J,N,KUNDER UNDER 18 ÅR                 ,N,N,N,N,N,N,N,N,N,N,N
4519,10100750827,P,00102,Sivert May-Kristin                 ,Arnestad                           ,N,N,N,J,N,KUNDER UNDER 18 ÅR                 ,N,N,N,N,N,N,N,N,N,N,N
4519,09081154047,P,00900,Henriette Akram                    ,Edland                             ,N,N,N,J,N,KUNDER UNDER 18 ÅR                 ,N,N,N,N,N,N,N,N,N,N,N
4519,30101217244,P,01200,Gregor Wibeke                      ,Sørmo                              ,N,N,N,J,N,KUNDER UNDER 18 ÅR                 ,N,N,N,N,N,N,N,N,N,N,N
4519,15061316598,P,00900,Ernestas Amelia                    ,Skråmestø                          ,N,N,N,J,N,KUNDER UNDER 18 ÅR                 ,N,N,N,N,N,N,N,N,N,N,N
4519,24110715346,P,00102,May-Britt Thorgeir                 ,Grønberg                           ,J,N,N,J,N,KUNDER UNDER 18 ÅR                 ,N,N,N,N,N,N,N,N,N,N,N
4519,23041401915,P,00900,Andre Åsta                         ,Storaker                           ,N,N,N,J,N,KUNDER UNDER 18 ÅR                 ,N,N,N,N,N,N,N,N,N,N,N
4519,29071214654,P,00900,Arnulf Biljana                     ,Taranger                           ,N,N,N,J,N,KUNDER UNDER 18 ÅR                 ,N,N,N,N,N,N,N,N,N,N,N
4519,01030908011,P,00102,Harald Cathinka                    ,Fagerheim                          ,N,N,N,J,N,KUNDER UNDER 18 ÅR                 ,N,N,N,N,N,N,N,N,N,N,N
4519,04090720371,P,01200,Juan Lorna                         ,Monstad                            ,N,N,N,J,N,KUNDER UNDER 18 ÅR                 ,N,N,N,N,N,N,N,N,N,N,N
4519,22080928320,P,00102,Biniam Thelma                      ,Bell                               ,N,N,N,J,N,KUNDER UNDER 18 ÅR                 ,N,N,N,N,N,N,N,N,N,N,N
4519,16020808148,P,00102,Asif Mariann                       ,Klein                              ,N,N,N,J,N,KUNDER UNDER 18 ÅR                 ,N,N,N,N,N,N,N,N,N,N,N
4519,18081015658,P,00102,Bjarte Wencke                      ,Malmin                             ,N,N,N,J,N,KUNDER UNDER 18 ÅR                 ,N,N,N,N,N,N,N,N,N,N,N
4519,25041006725,P,00102,Margit Ivar                        ,Furunes                            ,N,N,N,J,N,KUNDER UNDER 18 ÅR                 ,N,N,N,N,N,N,N,N,N,N,N
4519,09081476621,P,01200,Cesar Anja                         ,Hindenes                           ,N,N,N,J,N,KUNDER UNDER 18 ÅR                 ,N,N,N,N,N,N,N,N,N,N,N
4519,29100819021,P,01200,Elise Marton                       ,Røsnes                             ,N,N,N,J,N,KUNDER UNDER 18 ÅR                 ,N,N,N,N,N,N,N,N,N,N,N
4519,16050908724,P,00102,Sidsel Marius                      ,Klepp                              ,N,N,N,J,N,KUNDER UNDER 18 ÅR                 ,N,N,N,N,N,N,N,N,N,N,N
4519,16120910055,P,00800,Herman Stina                       ,Rikardsen                          ,N,N,N,J,N,KUNDER UNDER 18 ÅR                 ,N,N,N,N,N,N,N,N,N,N,N
4519,04091118284,P,00900,Eva Bruno                          ,Tønsberg                           ,N,N,N,J,N,KUNDER UNDER 18 ÅR                 ,N,N,N,N,N,N,N,N,N,N,N
4519,22050715632,P,00102,Mildrid Stein-Erik                 ,Landmark                           ,N,N,N,J,N,KUNDER UNDER 18 ÅR                 ,N,N,N,N,N,N,N,N,N,N,N
4519,09041215345,P,00900,Anne-Beth Florian                  ,Arif                               ,N,N,N,J,N,KUNDER UNDER 18 ÅR                 ,N,N,N,N,N,N,N,N,N,N,N
4519,15010916353,P,00800,Eilin Marc                         ,Torjussen                          ,N,N,N,J,N,KUNDER UNDER 18 ÅR                 ,N,N,N,N,N,N,N,N,N,N,N
4519,18010911393,P,00102,Ehsan Agnes                        ,Vevang                             ,N,N,N,J,N,KUNDER UNDER 18 ÅR                 ,N,N,N,N,N,N,N,N,N,N,N
4519,04111405579,P,00102,Werner Filippa                     ,Lysgård                            ,N,N,N,J,N,KUNDER UNDER 18 ÅR                 ,N,N,N,N,N,N,N,N,N,N,N
4519,10080613984,P,00900,Ann-Lisbeth Sasa                   ,Dybwad                             ,N,N,N,J,N,KUNDER UNDER 18 ÅR                 ,N,N,N,N,N,N,N,N,N,N,N
4519,03031015994,P,00900,Evelina Steingrim                  ,Wolff                              ,N,N,N,J,N,KUNDER UNDER 18 ÅR                 ,N,N,N,N,N,N,N,N,N,N,N
4519,31050775146,P,01200,Torodd Ngoc                        ,Fagerheim                          ,N,N,N,J,N,KUNDER UNDER 18 ÅR                 ,N,N,N,N,N,N,N,N,N,N,N
4519,02041500142,P,00900,Nils Bertha                        ,Alme                               ,N,N,N,J,N,KUNDER UNDER 18 ÅR                 ,N,N,N,N,N,N,N,N,N,N,N
4519,14051300069,P,00900,Serine Geir-Arne                   ,Steinnes                           ,J,N,N,J,N,KUNDER UNDER 18 ÅR                 ,N,N,N,N,N,N,N,N,N,N,N
4519,17100625415,P,00900,Nils Ljiljana                      ,Smedsrud                           ,N,N,N,J,N,KUNDER UNDER 18 ÅR                 ,N,N,N,N,N,N,N,N,N,N,N
4519,28061671295,P,01200,Gunveig Gaute                      ,Øverbø                             ,N,N,N,J,N,KUNDER UNDER 18 ÅR                 ,N,N,N,N,N,N,N,N,N,N,N
4519,01060900996,P,00102,Asif Herbjørg                      ,Svensson                           ,N,N,N,J,N,KUNDER UNDER 18 ÅR                 ,N,N,N,N,N,N,N,N,N,N,N
4519,24100877364,P,00102,Åslaug Danny                       ,Halsen                             ,N,N,N,J,N,KUNDER UNDER 18 ÅR                 ,N,N,N,N,N,N,N,N,N,N,N
4519,24101235749,P,01200,Janna Miguel                       ,Veiby                              ,N,N,N,J,N,KUNDER UNDER 18 ÅR                 ,N,N,N,N,N,N,N,N,N,N,N
4519,27041525849,P,00102,Nataniel Inger-Lise                ,Forseth                            ,N,N,N,J,N,KUNDER UNDER 18 ÅR                 ,N,N,N,N,N,N,N,N,N,N,N
4519,06061154807,P,00102,Aisha Dovydas                      ,Nygaard                            ,N,N,N,J,N,KUNDER UNDER 18 ÅR                 ,N,N,N,N,N,N,N,N,N,N,N
4519,22060825282,P,00102,Eduardo Vilde                      ,Smørdal                            ,N,N,N,J,N,KUNDER UNDER 18 ÅR                 ,N,N,N,N,N,N,N,N,N,N,N
4519,08091228123,P,00900,Ravn Seline                        ,Østrem                             ,N,N,N,J,N,KUNDER UNDER 18 ÅR                 ,N,N,N,N,N,N,N,N,N,N,N
4519,09041214128,P,00900,Ole-Kristian Bich                  ,Rashid                             ,N,N,N,J,N,KUNDER UNDER 18 ÅR                 ,N,N,N,N,N,N,N,N,N,N,N
4519,19030818299,P,00102,Irina Audun                        ,Lam                                ,N,N,N,J,N,KUNDER UNDER 18 ÅR                 ,N,N,N,N,N,N,N,N,N,N,N
4519,09080802525,P,00102,Solgunn Arnvid                     ,Vindenes                           ,N,N,N,J,N,KUNDER UNDER 18 ÅR                 ,N,N,N,N,N,N,N,N,N,N,N
4519,20031214743,P,00102,Niklas Margret                     ,Dimmen                             ,N,N,N,J,N,KUNDER UNDER 18 ÅR                 ,N,N,N,N,N,N,N,N,N,N,N
4519,10031412531,P,00102,Frøydis Muhamed                    ,Ringvold                           ,N,N,N,J,N,KUNDER UNDER 18 ÅR                 ,N,N,N,N,N,N,N,N,N,N,N
4519,09110627928,P,00800,Ehsan Lisa-Mari                    ,Hovden                             ,N,N,N,J,N,KUNDER UNDER 18 ÅR                 ,N,N,N,N,N,N,N,N,N,N,N
4519,11091023484,P,00102,Eivin Halimo                       ,Oma                                ,N,N,N,J,N,KUNDER UNDER 18 ÅR                 ,N,N,N,N,N,N,N,N,N,N,N
4519,09021119366,P,00800,Elham Wiktor                       ,Indrebø                            ,N,N,N,J,N,KUNDER UNDER 18 ÅR                 ,N,N,N,N,N,N,N,N,N,N,N
4519,08070827094,P,00900,Mari Herbert                       ,Blom                               ,N,N,N,J,N,KUNDER UNDER 18 ÅR                 ,N,N,N,N,N,N,N,N,N,N,N
4519,08070905583,P,00102,Kristel Willy                      ,Bryne                              ,N,N,N,J,N,KUNDER UNDER 18 ÅR                 ,N,N,N,N,N,N,N,N,N,N,N
4519,08030708890,P,00900,Irena Herleif                      ,Tjøstheim                          ,N,N,N,J,N,KUNDER UNDER 18 ÅR                 ,N,N,N,N,N,N,N,N,N,N,N
4519,16060827188,P,01200,Knut-Erik Inger-Johanne            ,Meidell                            ,N,N,N,J,N,KUNDER UNDER 18 ÅR                 ,N,N,N,N,N,N,N,N,N,N,N
4519,01021070935,P,00102,Sajjad Eileen                      ,Yri                                ,N,N,N,J,N,KUNDER UNDER 18 ÅR                 ,N,N,N,N,N,N,N,N,N,N,N
4519,01090953199,P,00102,Knut-Erik Inger-Johanne            ,Sogn                               ,N,N,N,J,N,KUNDER UNDER 18 ÅR                 ,N,N,N,N,N,N,N,N,N,N,N
4519,14110625902,P,00102,Ådne Ioana                         ,Bjerkestrand                       ,N,N,N,J,N,KUNDER UNDER 18 ÅR                 ,N,N,N,N,N,N,N,N,N,N,N
4519,15041312405,P,00900,Selam Sivert                       ,Hjørnevik                          ,N,N,N,J,N,KUNDER UNDER 18 ÅR                 ,N,N,N,N,N,N,N,N,N,N,N
4519,08061214098,P,00102,Nataniel Mariya                    ,Vevang                             ,N,N,N,J,N,KUNDER UNDER 18 ÅR                 ,N,N,N,N,N,N,N,N,N,N,N
4519,17020841907,P,00800,Juan Lorna                         ,Mohammadi                          ,N,N,N,J,N,KUNDER UNDER 18 ÅR                 ,N,N,N,N,N,N,N,N,N,N,N
4519,04091676759,P,00102,Neil Eilin                         ,Bøhn                               ,N,N,N,J,N,KUNDER UNDER 18 ÅR                 ,N,N,N,N,N,N,N,N,N,N,N
4519,12020915976,P,01200,Andre Vibekke                      ,Auestad                            ,N,N,N,J,N,KUNDER UNDER 18 ÅR                 ,N,N,N,N,N,N,N,N,N,N,N
4519,02111018556,P,00900,Jorid Geir-Arne                    ,Kvande                             ,N,N,N,J,N,KUNDER UNDER 18 ÅR                 ,N,N,N,N,N,N,N,N,N,N,N
4519,28070605572,P,01200,Elsebeth Tollef                    ,Le                                 ,N,N,N,J,N,KUNDER UNDER 18 ÅR                 ,N,N,N,N,N,N,N,N,N,N,N
4519,12080634771,P,01200,Joar Moa                           ,Alfredsen                          ,N,N,N,J,N,KUNDER UNDER 18 ÅR                 ,N,N,N,N,N,N,N,N,N,N,N
4519,23030777921,P,00102,Kristine Kemal                     ,Olsrud                             ,N,N,N,J,N,KUNDER UNDER 18 ÅR                 ,N,N,N,N,N,N,N,N,N,N,N
4519,25111328288,P,00102,Cynthia Knut-Erik                  ,Underhaug                          ,N,N,N,J,N,KUNDER UNDER 18 ÅR                 ,N,N,N,N,N,N,N,N,N,N,N
4519,05021013619,P,01200,Thi Torgny                         ,Fadnes                             ,N,N,N,J,N,KUNDER UNDER 18 ÅR                 ,N,N,N,N,N,N,N,N,N,N,N
4519,02041309795,P,01200,Magomed Josefine                   ,Kleiven                            ,N,N,N,J,N,KUNDER UNDER 18 ÅR                 ,N,N,N,N,N,N,N,N,N,N,N
4519,10111402960,P,00800,Rigmor Juozas                      ,Pladsen                            ,N,N,N,J,N,KUNDER UNDER 18 ÅR                 ,N,N,N,N,N,N,N,N,N,N,N
4519,03071129607,P,00102,Ingo Loreta                        ,Ottem                              ,N,N,N,J,N,KUNDER UNDER 18 ÅR                 ,N,N,N,N,N,N,N,N,N,N,N
4519,29050858624,P,01200,Brigt Milly                        ,Skårdal                            ,N,N,N,J,N,KUNDER UNDER 18 ÅR                 ,N,N,N,N,N,N,N,N,N,N,N
4519,18051414353,P,01200,Inger-Anne Julio                   ,Didriksen                          ,N,N,N,J,N,KUNDER UNDER 18 ÅR                 ,N,N,N,N,N,N,N,N,N,N,N
4519,09031326637,P,00800,Nadezda Rytis                      ,Teigland                           ,N,N,N,J,N,KUNDER UNDER 18 ÅR                 ,N,N,N,N,N,N,N,N,N,N,N
4519,04101236329,P,00102,Fatma Adem                         ,Velle                              ,N,N,N,J,N,KUNDER UNDER 18 ÅR                 ,N,N,N,N,N,N,N,N,N,N,N
4519,26120825983,P,00800,Synnøve Kemal                      ,Skretteberg                        ,N,N,N,J,N,KUNDER UNDER 18 ÅR                 ,N,N,N,N,N,N,N,N,N,N,N
4519,27051014826,P,00900,Anita Benny                        ,Fadnes                             ,N,N,N,J,N,KUNDER UNDER 18 ÅR                 ,N,N,N,N,N,N,N,N,N,N,N
4519,01070839276,P,00102,Cristian Margret                   ,Kyvik                              ,N,N,N,J,N,KUNDER UNDER 18 ÅR                 ,N,N,N,N,N,N,N,N,N,N,N
4519,03070852968,P,00102,Lillann Torsten                    ,Hofstad                            ,N,N,N,J,N,KUNDER UNDER 18 ÅR                 ,N,N,N,N,N,N,N,N,N,N,N
4519,01111224680,P,00102,Jofrid Kim-Andre                   ,Martinsen                          ,N,N,N,J,N,KUNDER UNDER 18 ÅR                 ,N,N,N,N,N,N,N,N,N,N,N
4519,12011502154,P,01200,Edgar Arnfrid                      ,Mohammed                           ,N,N,N,J,N,KUNDER UNDER 18 ÅR                 ,N,N,N,N,N,N,N,N,N,N,N
4519,11010926108,P,00102,Hermine Aleksandrs                 ,Homme                              ,N,N,N,J,N,KUNDER UNDER 18 ÅR                 ,N,N,N,N,N,N,N,N,N,N,N
4519,22011235631,P,00900,Farhad Margrethe                   ,Habbestad                          ,N,N,N,J,N,KUNDER UNDER 18 ÅR                 ,N,N,N,N,N,N,N,N,N,N,N
4519,09110705317,P,00800,Noel Trude                         ,Abbas                              ,N,N,N,J,N,KUNDER UNDER 18 ÅR                 ,N,N,N,N,N,N,N,N,N,N,N
4519,08110878819,P,00900,Gyrid Janne                        ,Glesnes                            ,N,N,N,J,N,KUNDER UNDER 18 ÅR                 ,N,N,N,N,N,N,N,N,N,N,N
4519,22080756023,P,00102,Wenke Tristan                      ,Skauen                             ,N,N,N,J,N,KUNDER UNDER 18 ÅR                 ,N,N,N,N,N,N,N,N,N,N,N
4519,21011039682,P,01200,Noel Åsne                          ,Kolnes                             ,N,N,N,J,N,KUNDER UNDER 18 ÅR                 ,N,N,N,N,N,N,N,N,N,N,N
4519,12111404001,P,00102,Christa Thorgeir                   ,Vevang                             ,J,N,N,J,N,KUNDER UNDER 18 ÅR                 ,N,N,N,N,N,N,N,N,N,N,N
4519,04070846794,P,01200,Marilyn Francisco                  ,Torbergsen                         ,N,N,N,J,N,KUNDER UNDER 18 ÅR                 ,N,N,N,N,N,N,N,N,N,N,N
4519,28030672838,P,00900,Gun Gheorghe                       ,Bjørheim                           ,N,N,N,J,N,KUNDER UNDER 18 ÅR                 ,N,N,N,N,N,N,N,N,N,N,N
4519,16061071583,P,00800,Adina Francisco                    ,Skauen                             ,N,N,N,J,N,KUNDER UNDER 18 ÅR                 ,N,N,N,N,N,N,N,N,N,N,N
4519,29101525471,P,00102,Danielle Birger                    ,Sylte                              ,N,N,N,J,N,KUNDER UNDER 18 ÅR                 ,N,N,N,N,N,N,N,N,N,N,N
4519,28071690417,P,01200,Anne-Margrethe Herleif             ,Bjørk                              ,N,N,N,J,N,KUNDER UNDER 18 ÅR                 ,N,N,N,N,N,N,N,N,N,N,N
4519,03091011408,P,00102,Ariane Christer                    ,Aarland                            ,N,N,N,J,N,KUNDER UNDER 18 ÅR                 ,N,N,N,N,N,N,N,N,N,N,N
4519,13030866449,P,00102,Ingo Loreta                        ,Berhane                            ,N,N,N,J,N,KUNDER UNDER 18 ÅR                 ,N,N,N,N,N,N,N,N,N,N,N
4519,16121004074,P,00102,Shukri Trym                        ,Tonstad                            ,N,N,N,J,N,KUNDER UNDER 18 ÅR                 ,N,N,N,N,N,N,N,N,N,N,N
4519,30040602786,P,00900,Kamil Gunbjørg                     ,Eira                               ,N,N,N,J,N,KUNDER UNDER 18 ÅR                 ,N,N,N,N,N,N,N,N,N,N,N
4519,14031477884,P,01200,Lucie Jan-Olav                     ,Lund                               ,N,N,N,J,N,KUNDER UNDER 18 ÅR                 ,N,N,N,N,N,N,N,N,N,N,N
4519,27021126174,P,01200,Thea Hans-Christian                ,Saeed                              ,N,N,N,J,N,KUNDER UNDER 18 ÅR                 ,N,N,N,N,N,N,N,N,N,N,N
4519,07011205687,P,00900,Andrine Romualdas                  ,Ekeland                            ,N,N,N,J,N,KUNDER UNDER 18 ÅR                 ,N,N,N,N,N,N,N,N,N,N,N
4519,11110875012,P,00102,Gina Torgny                        ,Ringvold                           ,N,N,N,J,N,KUNDER UNDER 18 ÅR                 ,N,N,N,N,N,N,N,N,N,N,N
4519,08081328235,P,00102,Stefanie Rudi                      ,Aarsand                            ,N,N,N,J,N,KUNDER UNDER 18 ÅR                 ,N,N,N,N,N,N,N,N,N,N,N
4519,04081378555,P,01200,Svitlana Thorvald                  ,Brunstad                           ,N,N,N,J,N,KUNDER UNDER 18 ÅR                 ,N,N,N,N,N,N,N,N,N,N,N
4519,27090977445,P,00102,Morteza Amalia                     ,Dyrøy                              ,N,N,N,J,N,KUNDER UNDER 18 ÅR                 ,N,N,N,N,N,N,N,N,N,N,N
4519,13040931222,P,00102,Elzbieta Ben                       ,Vevang                             ,N,N,N,J,N,KUNDER UNDER 18 ÅR                 ,N,N,N,N,N,N,N,N,N,N,N
4519,25110925703,P,00900,Vasile Heidrun                     ,Herdlevær                          ,N,N,N,J,N,KUNDER UNDER 18 ÅR                 ,N,N,N,N,N,N,N,N,N,N,N
4519,16010805000,P,01200,Giske Stig                         ,Hellenes                           ,N,N,N,J,N,KUNDER UNDER 18 ÅR                 ,N,N,N,N,N,N,N,N,N,N,N
4519,27120618712,P,01200,Tor-Inge Ann-Katrin                ,Lium                               ,N,N,N,J,N,KUNDER UNDER 18 ÅR                 ,N,N,N,N,N,N,N,N,N,N,N
4519,31071332406,P,00800,Audhild Eduard                     ,Bang                               ,N,N,N,J,N,KUNDER UNDER 18 ÅR                 ,N,N,N,N,N,N,N,N,N,N,N
4519,09071125952,P,00800,Wilma Odd-Arne                     ,Yildiz                             ,N,N,N,J,N,KUNDER UNDER 18 ÅR                 ,N,N,N,N,N,N,N,N,N,N,N
4519,13020923533,P,01200,Malena Maciej                      ,Mustafa                            ,N,N,N,J,N,KUNDER UNDER 18 ÅR                 ,N,N,N,N,N,N,N,N,N,N,N
4519,19041000697,P,00900,Gurine Gheorghe                    ,Lomeland                           ,N,N,N,J,N,KUNDER UNDER 18 ÅR                 ,N,N,N,N,N,N,N,N,N,N,N
4519,22090951592,P,00102,Hong Hallgeir                      ,Rognstad                           ,N,N,N,J,N,KUNDER UNDER 18 ÅR                 ,N,N,N,N,N,N,N,N,N,N,N
4519,18061311285,P,00102,Shahnaz Aslan                      ,Balstad                            ,N,N,N,J,N,KUNDER UNDER 18 ÅR                 ,N,N,N,N,N,N,N,N,N,N,N
4519,11081116409,P,00102,Olle May-Lis                       ,Nowak                              ,N,N,N,J,N,KUNDER UNDER 18 ÅR                 ,N,N,N,N,N,N,N,N,N,N,N
4519,12111601915,P,00102,Manuela Mehran                     ,Bertheussen                        ,N,N,N,J,N,KUNDER UNDER 18 ÅR                 ,N,N,N,N,N,N,N,N,N,N,N
4519,12010620757,P,01200,Sajjad Eileen                      ,Helmersen                          ,N,N,N,J,N,KUNDER UNDER 18 ÅR                 ,N,N,N,N,N,N,N,N,N,N,N
4519,21061514462,P,01200,Samantha Boye                      ,Øye                                ,N,N,N,J,N,KUNDER UNDER 18 ÅR                 ,N,N,N,N,N,N,N,N,N,N,N
4519,16060600809,P,01200,Vivi-Ann Joakim                    ,Hausken                            ,N,N,N,J,N,KUNDER UNDER 18 ÅR                 ,N,N,N,N,N,N,N,N,N,N,N
4519,29121213182,P,01200,Werner Egle                        ,Blomvik                            ,N,N,N,J,N,KUNDER UNDER 18 ÅR                 ,N,N,N,N,N,N,N,N,N,N,N
4519,01050603071,P,00800,Zlatko Bjarnhild                   ,Bengtsson                          ,N,N,N,J,N,KUNDER UNDER 18 ÅR                 ,N,N,N,N,N,N,N,N,N,N,N
4519,03060776147,P,01200,Esther Paulo                       ,Lilleengen                         ,N,N,N,J,N,KUNDER UNDER 18 ÅR                 ,N,N,N,N,N,N,N,N,N,N,N
4519,20021226808,P,01200,Wenke Tristan                      ,Grønås                             ,N,N,N,J,N,KUNDER UNDER 18 ÅR                 ,N,N,N,N,N,N,N,N,N,N,N
4519,04120918635,P,00102,Veslemøy Tollef                    ,Kleiven                            ,N,N,N,J,N,KUNDER UNDER 18 ÅR                 ,N,N,N,N,N,N,N,N,N,N,N
4519,22071627946,P,00800,Håvard Lotta                       ,Kleiven                            ,N,N,N,J,N,KUNDER UNDER 18 ÅR                 ,N,N,N,N,N,N,N,N,N,N,N
4519,10020806708,P,00900,Hamed Biljana                      ,Dybdahl                            ,N,N,N,J,N,KUNDER UNDER 18 ÅR                 ,N,N,N,N,N,N,N,N,N,N,N
4519,07061003856,P,00102,Boye Liz                           ,Skarshaug                          ,N,N,N,J,N,KUNDER UNDER 18 ÅR                 ,N,N,N,N,N,N,N,N,N,N,N
4519,25051010755,P,00102,Ariel Dmitri                       ,Bjørnøy                            ,N,N,N,J,N,KUNDER UNDER 18 ÅR                 ,N,N,N,N,N,N,N,N,N,N,N
4519,11081333833,P,01200,Idunn Alv                          ,Løvoll                             ,N,N,N,J,N,KUNDER UNDER 18 ÅR                 ,N,N,N,N,N,N,N,N,N,N,N
4519,20071554040,P,00102,Anniken Cesar                      ,Buene                              ,N,N,N,J,N,KUNDER UNDER 18 ÅR                 ,N,N,N,N,N,N,N,N,N,N,N
4519,15110612912,P,01200,Mariell Gaute                      ,Theodorsen                         ,N,N,N,J,N,KUNDER UNDER 18 ÅR                 ,N,N,N,N,N,N,N,N,N,N,N
4519,11061076494,P,00800,Linh Jan-Fredrik                   ,Hermansen                          ,N,N,N,J,N,KUNDER UNDER 18 ÅR                 ,N,N,N,N,N,N,N,N,N,N,N
4519,21050838363,P,00102,Sylvi Kaj                          ,Trøen                              ,N,N,N,J,N,KUNDER UNDER 18 ÅR                 ,N,N,N,N,N,N,N,N,N,N,N
4519,03111205840,P,00800,Mårten Dora                        ,Schøyen                            ,N,N,N,J,N,KUNDER UNDER 18 ÅR                 ,N,N,N,N,N,N,N,N,N,N,N
4519,14011058850,P,01200,Matilde Marius                     ,Moum                               ,N,N,N,J,N,KUNDER UNDER 18 ÅR                 ,N,N,N,N,N,N,N,N,N,N,N
4519,02041603634,P,00102,Tia Christen                       ,Haaland                            ,J,N,N,J,N,KUNDER UNDER 18 ÅR                 ,N,N,N,N,N,N,N,N,N,N,N
4519,31081036384,P,00102,Tron Rut                           ,Ekeland                            ,N,N,N,J,N,KUNDER UNDER 18 ÅR                 ,N,N,N,N,N,N,N,N,N,N,N
4519,01041016619,P,00800,Sigita Hallgeir                    ,Pollestad                          ,N,N,N,J,N,KUNDER UNDER 18 ÅR                 ,N,N,N,N,N,N,N,N,N,N,N
4519,21100906616,P,00800,Thi Torgny                         ,Gundersen                          ,N,N,N,J,N,KUNDER UNDER 18 ÅR                 ,N,N,N,N,N,N,N,N,N,N,N
4519,15070710096,P,00102,Annelin Arthur                     ,Toresen                            ,N,N,N,J,N,KUNDER UNDER 18 ÅR                 ,N,N,N,N,N,N,N,N,N,N,N
4519,23021156388,P,01200,Biniam Kristianne                  ,Noreng                             ,N,N,N,J,N,KUNDER UNDER 18 ÅR                 ,N,N,N,N,N,N,N,N,N,N,N
4519,12081061392,P,00102,Stina Haakon                       ,Zakariassen                        ,N,N,N,J,N,KUNDER UNDER 18 ÅR                 ,N,N,N,N,N,N,N,N,N,N,N
4519,15031103476,P,01200,Danijela Billy                     ,Eknes                              ,N,N,N,J,N,KUNDER UNDER 18 ÅR                 ,N,N,N,N,N,N,N,N,N,N,N
4519,10120721440,P,00800,Andrine Thor-Arne                  ,Heiberg                            ,J,N,N,J,N,KUNDER UNDER 18 ÅR                 ,N,N,N,N,N,N,N,N,N,N,N
4519,23041276657,P,00800,Angela Dani                        ,Ottersen                           ,N,N,N,J,N,KUNDER UNDER 18 ÅR                 ,N,N,N,N,N,N,N,N,N,N,N
4519,22090627655,P,00102,Nataniel Ludmila                   ,Lillestøl                          ,N,N,N,J,N,KUNDER UNDER 18 ÅR                 ,N,N,N,N,N,N,N,N,N,N,N
4519,17021034487,P,00900,Jan-Fredrik Snefrid                ,Tessem                             ,N,N,N,J,N,KUNDER UNDER 18 ÅR                 ,N,N,N,N,N,N,N,N,N,N,N
4519,06120831982,P,01200,Øygunn Mikko                       ,Anwar                              ,N,N,N,J,N,KUNDER UNDER 18 ÅR                 ,N,N,N,N,N,N,N,N,N,N,N
4519,27121482482,P,00102,Knud Raimonda                      ,Smeland                            ,N,N,N,J,N,KUNDER UNDER 18 ÅR                 ,N,N,N,N,N,N,N,N,N,N,N
4519,20021214672,P,00102,Joy Nikolai                        ,Vevang                             ,J,N,N,J,N,KUNDER UNDER 18 ÅR                 ,N,N,N,N,N,N,N,N,N,N,N
4519,28010935069,P,00102,Mårten Svetlana                    ,Oma                                ,N,N,N,J,N,KUNDER UNDER 18 ÅR                 ,N,N,N,N,N,N,N,N,N,N,N
4519,14030718292,P,00102,Norma Jan-Roger                    ,Brekken                            ,N,N,N,J,N,KUNDER UNDER 18 ÅR                 ,N,N,N,N,N,N,N,N,N,N,N
4519,28031124273,P,00102,Knud Ljiljana                      ,Kilen                              ,N,N,N,J,N,KUNDER UNDER 18 ÅR                 ,N,N,N,N,N,N,N,N,N,N,N
4519,25031003345,P,00800,Anne-Mette Sasa                    ,Schjelderup                        ,N,N,N,J,N,KUNDER UNDER 18 ÅR                 ,N,N,N,N,N,N,N,N,N,N,N
4519,08060975109,P,00800,Justas Felicia                     ,Bruland                            ,N,N,N,J,N,KUNDER UNDER 18 ÅR                 ,N,N,N,N,N,N,N,N,N,N,N
4519,13010628215,P,00900,Marlin Nicolae                     ,Nedrebø                            ,N,N,N,J,N,KUNDER UNDER 18 ÅR                 ,N,N,N,N,N,N,N,N,N,N,N
4519,29091326114,P,00102,Azad Alexandra                     ,Øksnes                             ,N,N,N,J,N,KUNDER UNDER 18 ÅR                 ,N,N,N,N,N,N,N,N,N,N,N
4519,12101416095,P,01200,Sigfred Ann-Elin                   ,Gram                               ,N,N,N,J,N,KUNDER UNDER 18 ÅR                 ,N,N,N,N,N,N,N,N,N,N,N
4519,22090706695,P,01200,Curt Elisabeth                     ,Tallaksen                          ,N,N,N,J,N,KUNDER UNDER 18 ÅR                 ,N,N,N,N,N,N,N,N,N,N,N
4519,30050857294,P,00800,Catherine Ingvald                  ,Lilleby                            ,N,N,N,J,N,KUNDER UNDER 18 ÅR                 ,N,N,N,N,N,N,N,N,N,N,N
4519,25110715385,P,01200,Jocelyn Borger                     ,Hovda                              ,N,N,N,J,N,KUNDER UNDER 18 ÅR                 ,N,N,N,N,N,N,N,N,N,N,N
4519,20011531270,P,00102,Adnan Henny                        ,Høie                               ,N,N,N,J,N,KUNDER UNDER 18 ÅR                 ,N,N,N,N,N,N,N,N,N,N,N
4519,19090657898,P,00800,Wojciech Runa                      ,Skogland                           ,N,N,N,J,N,KUNDER UNDER 18 ÅR                 ,N,N,N,N,N,N,N,N,N,N,N
4519,08061425048,P,00102,Frithjof Rebecca                   ,Olesen                             ,N,N,N,J,N,KUNDER UNDER 18 ÅR                 ,N,N,N,N,N,N,N,N,N,N,N
4519,27120634483,P,00102,Iben Gaute                         ,Austnes                            ,N,N,N,J,N,KUNDER UNDER 18 ÅR                 ,N,N,N,N,N,N,N,N,N,N,N
4519,28080907526,P,00800,Livar Vaida                        ,Aronsen                            ,N,N,N,J,N,KUNDER UNDER 18 ÅR                 ,N,N,N,N,N,N,N,N,N,N,N
4519,16070628434,P,00900,Gunn Umar                          ,Schjølberg                         ,N,N,N,J,N,KUNDER UNDER 18 ÅR                 ,N,N,N,N,N,N,N,N,N,N,N
4519,06020732979,P,01200,Bodil Ole-Marius                   ,Risberg                            ,N,N,N,J,N,KUNDER UNDER 18 ÅR                 ,N,N,N,N,N,N,N,N,N,N,N
4519,17061467637,P,00900,Vilja Fridtjov                     ,Fossnes                            ,N,N,N,J,N,KUNDER UNDER 18 ÅR                 ,N,N,N,N,N,N,N,N,N,N,N
4519,23081159122,P,06008,Gregor Rine                        ,Mellemstrand                       ,N,N,N,J,N,KUNDER UNDER 18 ÅR                 ,N,N,N,N,N,N,N,N,N,N,N
4519,01071369389,P,00800,Thorbjørn Margreta                 ,Stenersen                          ,N,N,N,J,N,KUNDER UNDER 18 ÅR                 ,N,N,N,N,N,N,N,N,N,N,N
4519,06090607977,P,00102,Vigdis Roald                       ,Silva                              ,N,N,N,J,N,KUNDER UNDER 18 ÅR                 ,N,N,N,N,N,N,N,N,N,N,N
4519,29051529586,P,00102,Uno Trine                          ,Malmo                              ,N,N,N,J,N,KUNDER UNDER 18 ÅR                 ,N,N,N,N,N,N,N,N,N,N,N
4519,03101176591,P,01200,Valter Ulrika                      ,Bruun                              ,N,N,N,J,N,KUNDER UNDER 18 ÅR                 ,N,N,N,N,N,N,N,N,N,N,N
4519,12090933416,P,00102,Kolbjørn Anne-Beth                 ,Bjørnøy                            ,N,N,N,J,N,KUNDER UNDER 18 ÅR                 ,N,N,N,N,N,N,N,N,N,N,N
4519,01071330997,P,00800,Mehmed Katalin                     ,Furu                               ,N,N,N,J,N,KUNDER UNDER 18 ÅR                 ,N,N,N,N,N,N,N,N,N,N,N
4519,24071202190,P,01200,Johan Nataliya                     ,Solberg                            ,N,N,N,J,N,KUNDER UNDER 18 ÅR                 ,N,N,N,N,N,N,N,N,N,N,N
4519,23061300414,P,00102,Boye Lill-Ann                      ,Zahl                               ,N,N,N,J,N,KUNDER UNDER 18 ÅR                 ,N,N,N,N,N,N,N,N,N,N,N
4519,08061004417,P,00800,Heine Svitlana                     ,Magerøy                            ,N,N,N,J,N,KUNDER UNDER 18 ÅR                 ,N,N,N,N,N,N,N,N,N,N,N
4519,15081107871,P,00102,Ole-Morten Solrun                  ,Størdal                            ,N,N,N,J,N,KUNDER UNDER 18 ÅR                 ,N,N,N,N,N,N,N,N,N,N,N
4519,15021003384,P,00102,Siren Christer                     ,Vika                               ,N,N,N,J,N,KUNDER UNDER 18 ÅR                 ,N,N,N,N,N,N,N,N,N,N,N
4519,29041280873,P,00900,Bjarte Ingvill                     ,Høglund                            ,N,N,N,J,N,KUNDER UNDER 18 ÅR                 ,N,N,N,N,N,N,N,N,N,N,N
4519,13100776973,P,00900,Eirunn Rachid                      ,Vevang                             ,N,N,N,J,N,KUNDER UNDER 18 ÅR                 ,N,N,N,N,N,N,N,N,N,N,N
4519,16011005334,P,00102,Berge Gladys                       ,Emilsen                            ,N,N,N,J,N,KUNDER UNDER 18 ÅR                 ,N,N,N,N,N,N,N,N,N,N,N
4519,15120622037,P,00800,Torstein Rut                       ,Winsnes                            ,N,N,N,J,N,KUNDER UNDER 18 ÅR                 ,N,N,N,N,N,N,N,N,N,N,N
4519,25021424490,P,00102,Ava Nils-Petter                    ,Dragland                           ,N,N,N,J,N,KUNDER UNDER 18 ÅR                 ,N,N,N,N,N,N,N,N,N,N,N
4519,29050736758,P,00800,Anne-Lill Ahmed                    ,Tonstad                            ,N,N,N,J,N,KUNDER UNDER 18 ÅR                 ,N,N,N,N,N,N,N,N,N,N,N
4519,28030619678,P,00800,Tony Hilde                         ,Vevang                             ,N,N,N,J,N,KUNDER UNDER 18 ÅR                 ,N,N,N,N,N,N,N,N,N,N,N
4519,02050630709,P,01200,Eliza Nicolae                      ,Soldal                             ,N,N,N,J,N,KUNDER UNDER 18 ÅR                 ,N,N,N,N,N,N,N,N,N,N,N
4519,15090832295,P,01200,Milly Sinisa                       ,Valberg                            ,N,N,N,J,N,KUNDER UNDER 18 ÅR                 ,N,N,N,N,N,N,N,N,N,N,N
4519,27050858737,P,01200,Franz Celia                        ,Bjune                              ,N,N,N,J,N,KUNDER UNDER 18 ÅR                 ,N,N,N,N,N,N,N,N,N,N,N
4519,11121414610,P,01200,Edgar Agata                        ,Lundquist                          ,N,N,N,J,N,KUNDER UNDER 18 ÅR                 ,N,N,N,N,N,N,N,N,N,N,N
4519,12071412650,P,00900,Jardar Oliwia                      ,Lyng                               ,N,N,N,J,N,KUNDER UNDER 18 ÅR                 ,N,N,N,N,N,N,N,N,N,N,N
4519,02061204787,P,00102,Lars-Kristian Tahira               ,Pladsen                            ,N,N,N,J,N,KUNDER UNDER 18 ÅR                 ,N,N,N,N,N,N,N,N,N,N,N
4519,03011233294,P,01200,Darius Conny                       ,Pettersson                         ,N,N,N,J,N,KUNDER UNDER 18 ÅR                 ,N,N,N,N,N,N,N,N,N,N,N
4519,15100944399,P,01200,Valter Betina                      ,Christoffersen                     ,N,N,N,J,N,KUNDER UNDER 18 ÅR                 ,N,N,N,N,N,N,N,N,N,N,N
4519,27051054372,P,00102,Berge Benedicte                    ,Bruland                            ,N,N,N,J,N,KUNDER UNDER 18 ÅR                 ,N,N,N,N,N,N,N,N,N,N,N
4519,31080750709,P,01200,Anne-Merete Varg                   ,Hofstad                            ,N,N,N,J,N,KUNDER UNDER 18 ÅR                 ,N,N,N,N,N,N,N,N,N,N,N
4519,21081306106,P,00102,Knud Edita                         ,Skauen                             ,N,N,N,J,N,KUNDER UNDER 18 ÅR                 ,N,N,N,N,N,N,N,N,N,N,N
4519,28030915013,P,00102,Maren Bjørn-Inge                   ,Underhaug                          ,N,N,N,J,N,KUNDER UNDER 18 ÅR                 ,N,N,N,N,N,N,N,N,N,N,N
4519,28110845059,P,00800,Dawid Edit                         ,Haraldseid                         ,N,N,N,J,N,KUNDER UNDER 18 ÅR                 ,N,N,N,N,N,N,N,N,N,N,N
4519,22010808697,P,00102,Ahmed Selamawit                    ,Nyhuus                             ,N,N,N,J,N,KUNDER UNDER 18 ÅR                 ,N,N,N,N,N,N,N,N,N,N,N
4519,29091503830,P,01200,Angelina Ricardo                   ,Djønne                             ,N,N,N,J,N,KUNDER UNDER 18 ÅR                 ,N,N,N,N,N,N,N,N,N,N,N
4519,11060910415,P,00900,Mehran Dorthe                      ,Ofstad                             ,N,N,N,J,N,KUNDER UNDER 18 ÅR                 ,N,N,N,N,N,N,N,N,N,N,N
4519,28121400156,P,00900,Justas Felicia                     ,Vanvik                             ,N,N,N,J,N,KUNDER UNDER 18 ÅR                 ,N,N,N,N,N,N,N,N,N,N,N
4519,28091219591,P,00900,Nataliya Billy                     ,Helleland                          ,N,N,N,J,N,KUNDER UNDER 18 ÅR                 ,N,N,N,N,N,N,N,N,N,N,N
4519,12041315030,P,00800,Youssef Bergit                     ,Homme                              ,N,N,N,J,N,KUNDER UNDER 18 ÅR                 ,N,N,N,N,N,N,N,N,N,N,N
4519,29030812822,P,01200,Benny Helmer                       ,Bøhn                               ,N,N,N,J,N,KUNDER UNDER 18 ÅR                 ,N,N,N,N,N,N,N,N,N,N,N
4519,14070705304,P,00800,Elfrida Hans                       ,Riise                              ,N,N,N,J,N,KUNDER UNDER 18 ÅR                 ,N,N,N,N,N,N,N,N,N,N,N
4519,14100711525,P,00102,Bjarte Ulla                        ,Aasheim                            ,N,N,N,J,N,KUNDER UNDER 18 ÅR                 ,N,N,N,N,N,N,N,N,N,N,N
4519,27010632434,P,00102,Asma Jahn                          ,Thygesen                           ,N,N,N,J,N,KUNDER UNDER 18 ÅR                 ,N,N,N,N,N,N,N,N,N,N,N
4519,05020813638,P,00900,Fillip Jessica                     ,Aanensen                           ,N,N,N,J,N,KUNDER UNDER 18 ÅR                 ,N,N,N,N,N,N,N,N,N,N,N
4519,16070681513,P,00102,Magomed Liudmila                   ,Haraldsen                          ,N,N,N,J,N,KUNDER UNDER 18 ÅR                 ,N,N,N,N,N,N,N,N,N,N,N
4519,24051435288,P,00900,Jardar Mirjana                     ,Bengtsson                          ,N,N,N,J,N,KUNDER UNDER 18 ÅR                 ,N,N,N,N,N,N,N,N,N,N,N
4519,07031028374,P,01200,Ingerd Janne                       ,Sjøgren                            ,N,N,N,J,N,KUNDER UNDER 18 ÅR                 ,N,N,N,N,N,N,N,N,N,N,N
4519,31050663909,P,00800,Mantas Marita                      ,Alsvik                             ,N,N,N,J,N,KUNDER UNDER 18 ÅR                 ,N,N,N,N,N,N,N,N,N,N,N
4519,09030927912,P,00102,Ingvil Jan-Olav                    ,Lohne                              ,N,N,N,J,N,KUNDER UNDER 18 ÅR                 ,N,N,N,N,N,N,N,N,N,N,N
4519,26030720775,P,00900,Torhild Anstein                    ,Fardal                             ,N,N,N,J,N,KUNDER UNDER 18 ÅR                 ,N,N,N,N,N,N,N,N,N,N,N
4519,10031222139,P,00102,Søren Rakel                        ,Opheim                             ,N,N,N,J,N,KUNDER UNDER 18 ÅR                 ,N,N,N,N,N,N,N,N,N,N,N
4519,08021165752,P,00800,Alla Sasa                          ,Trengereid                         ,N,N,N,J,N,KUNDER UNDER 18 ÅR                 ,N,N,N,N,N,N,N,N,N,N,N
4519,22111175962,P,00800,Heiko Gudny                        ,Rikardsen                          ,N,N,N,J,N,KUNDER UNDER 18 ÅR                 ,N,N,N,N,N,N,N,N,N,N,N
4519,10051509477,P,00900,Eivin Aase                         ,Sanne                              ,N,N,N,J,N,KUNDER UNDER 18 ÅR                 ,N,N,N,N,N,N,N,N,N,N,N
4519,08071128637,P,01200,Manuela Dani                       ,Bjune                              ,N,N,N,J,N,KUNDER UNDER 18 ÅR                 ,N,N,N,N,N,N,N,N,N,N,N
4519,02050836854,P,01200,Sigvor Mikko                       ,Kaspersen                          ,N,N,N,J,N,KUNDER UNDER 18 ÅR                 ,N,N,N,N,N,N,N,N,N,N,N
4519,13010826327,P,01200,Senad Melissa                      ,Nowak                              ,N,N,N,J,N,KUNDER UNDER 18 ÅR                 ,N,N,N,N,N,N,N,N,N,N,N
4519,13070765270,P,00900,Hussain Kjerstin                   ,Bækken                             ,N,N,N,J,N,KUNDER UNDER 18 ÅR                 ,N,N,N,N,N,N,N,N,N,N,N
4519,05120728514,P,01200,Jeremy Signe                       ,Slåtten                            ,N,N,N,J,N,KUNDER UNDER 18 ÅR                 ,N,N,N,N,N,N,N,N,N,N,N
4519,30011277515,P,00900,Florence Kenny                     ,Dybdahl                            ,N,N,N,J,N,KUNDER UNDER 18 ÅR                 ,N,N,N,N,N,N,N,N,N,N,N
4519,19040671245,P,00800,Laila Eigil                        ,Skjold                             ,N,N,N,J,N,KUNDER UNDER 18 ÅR                 ,N,N,N,N,N,N,N,N,N,N,N
4519,07060819003,P,00800,Linn-Kristin Maciej                ,Rikardsen                          ,N,N,N,J,N,KUNDER UNDER 18 ÅR                 ,N,N,N,N,N,N,N,N,N,N,N
4519,10100712453,P,00800,Brian Anette                       ,Trengereid                         ,N,N,N,J,N,KUNDER UNDER 18 ÅR                 ,N,N,N,N,N,N,N,N,N,N,N
4519,10030724106,P,00102,Farhad Anne-Katrine                ,Eikrem                             ,N,N,N,J,N,KUNDER UNDER 18 ÅR                 ,N,N,N,N,N,N,N,N,N,N,N
4519,05051226579,P,00800,Eystein Berly                      ,Askeland                           ,N,N,N,J,N,KUNDER UNDER 18 ÅR                 ,N,N,N,N,N,N,N,N,N,N,N
4519,29051227350,P,00800,Irja Thorvald                      ,Schøyen                            ,N,N,N,J,N,KUNDER UNDER 18 ÅR                 ,N,N,N,N,N,N,N,N,N,N,N
4519,05021120989,P,00800,Annikken Angel                     ,Bergli                             ,N,N,N,J,N,KUNDER UNDER 18 ÅR                 ,N,N,N,N,N,N,N,N,N,N,N
4519,18010806972,P,00900,Nils Mailinn                       ,Bruvik                             ,N,N,N,J,N,KUNDER UNDER 18 ÅR                 ,N,N,N,N,N,N,N,N,N,N,N
4519,27031267515,P,01200,Ib Annelise                        ,Espenes                            ,N,N,N,J,N,KUNDER UNDER 18 ÅR                 ,N,N,N,N,N,N,N,N,N,N,N
4519,03011357767,P,00102,Sanna Mika                         ,Nordang                            ,N,N,N,J,N,KUNDER UNDER 18 ÅR                 ,N,N,N,N,N,N,N,N,N,N,N
4519,04020701604,P,01200,Fillip Jessica                     ,Fjærli                             ,N,N,N,J,N,KUNDER UNDER 18 ÅR                 ,N,N,N,N,N,N,N,N,N,N,N
4519,26030818686,P,01200,Janina Magnus                      ,Christiansen                       ,N,N,N,J,N,KUNDER UNDER 18 ÅR                 ,N,N,N,N,N,N,N,N,N,N,N
4519,26020690037,P,00102,Ingfrid Sorin                      ,Ali                                ,N,N,N,J,N,KUNDER UNDER 18 ÅR                 ,N,N,N,N,N,N,N,N,N,N,N
4519,03081103053,P,00102,Fadumo Thor-Arne                   ,Berget                             ,N,N,N,J,N,KUNDER UNDER 18 ÅR                 ,N,N,N,N,N,N,N,N,N,N,N
4519,06050611009,P,00102,Nikita Anita                       ,Løtveit                            ,N,N,N,J,N,KUNDER UNDER 18 ÅR                 ,N,N,N,N,N,N,N,N,N,N,N
4519,04040813255,P,01200,Gunn Umar                          ,Røsand                             ,N,N,N,J,N,KUNDER UNDER 18 ÅR                 ,N,N,N,N,N,N,N,N,N,N,N
4519,24101033453,P,00102,Sophia Kolbein                     ,Hole                               ,N,N,N,J,N,KUNDER UNDER 18 ÅR                 ,N,N,N,N,N,N,N,N,N,N,N
4519,28050710922,P,00800,Liudmila Francisco                 ,Waaler                             ,N,N,N,J,N,KUNDER UNDER 18 ÅR                 ,N,N,N,N,N,N,N,N,N,N,N
4519,18091414070,P,00900,Søren Judit                        ,Lyng                               ,N,N,N,J,N,KUNDER UNDER 18 ÅR                 ,N,N,N,N,N,N,N,N,N,N,N
4519,27111029682,P,00900,Sajjad Joy                         ,Fjellestad                         ,N,N,N,J,N,KUNDER UNDER 18 ÅR                 ,N,N,N,N,N,N,N,N,N,N,N
4519,05020976197,P,00900,Vilma Aslan                        ,Eidissen                           ,N,N,N,J,N,KUNDER UNDER 18 ÅR                 ,N,N,N,N,N,N,N,N,N,N,N
4519,02050619691,P,00102,Marlin Istvan                      ,Osmundsen                          ,N,N,N,J,N,KUNDER UNDER 18 ÅR                 ,N,N,N,N,N,N,N,N,N,N,N
4519,31121229903,P,01200,Zlatko Anbjørg                     ,Austad                             ,N,N,N,J,N,KUNDER UNDER 18 ÅR                 ,N,N,N,N,N,N,N,N,N,N,N
4519,25050735160,P,00900,Valeria Sturle                     ,Halsen                             ,N,N,N,J,N,KUNDER UNDER 18 ÅR                 ,N,N,N,N,N,N,N,N,N,N,N
4519,17040950168,P,00900,Solvor Ari                         ,Brænden                            ,N,N,N,J,N,KUNDER UNDER 18 ÅR                 ,N,N,N,N,N,N,N,N,N,N,N
4519,17061116362,P,01200,Mateusz Ragni                      ,Hilstad                            ,N,N,N,J,N,KUNDER UNDER 18 ÅR                 ,N,N,N,N,N,N,N,N,N,N,N
4519,07020816168,P,01200,Noel Amalie                        ,Midttun                            ,N,N,N,J,N,KUNDER UNDER 18 ÅR                 ,N,N,N,N,N,N,N,N,N,N,N
4519,13060651366,P,00102,Cecilie Edward                     ,Smørdal                            ,N,N,N,J,N,KUNDER UNDER 18 ÅR                 ,N,N,N,N,N,N,N,N,N,N,N
4519,23080623178,P,01200,Sigfred Turid                      ,Homme                              ,N,N,N,J,N,KUNDER UNDER 18 ÅR                 ,N,N,N,N,N,N,N,N,N,N,N
4519,22030812283,P,00800,Oscar Ngoc                         ,Fjellanger                         ,N,N,N,J,N,KUNDER UNDER 18 ÅR                 ,N,N,N,N,N,N,N,N,N,N,N
4519,10101121726,P,00102,Dumitru Tanya                      ,Nilssen                            ,N,N,N,J,N,KUNDER UNDER 18 ÅR                 ,N,N,N,N,N,N,N,N,N,N,N
4519,30090915203,P,00800,Andre Leila                        ,Voll                               ,N,N,N,J,N,KUNDER UNDER 18 ÅR                 ,N,N,N,N,N,N,N,N,N,N,N
4519,20030818904,P,00800,Frithjof Anine                     ,Samnøy                             ,N,N,N,J,N,KUNDER UNDER 18 ÅR                 ,N,N,N,N,N,N,N,N,N,N,N
4519,29031122706,P,00800,Stener Wiktoria                    ,Sletvold                           ,N,N,N,J,N,KUNDER UNDER 18 ÅR                 ,N,N,N,N,N,N,N,N,N,N,N
4519,21071316502,P,00102,Lorena Gudbrand                    ,Tahir                              ,N,N,N,J,N,KUNDER UNDER 18 ÅR                 ,N,N,N,N,N,N,N,N,N,N,N
4519,24060717873,P,00800,Agne Duc                           ,Grønning                           ,N,N,N,J,N,KUNDER UNDER 18 ÅR                 ,N,N,N,N,N,N,N,N,N,N,N
4519,15021525224,P,00900,Gunnhild Lars-Erik                 ,Opdahl                             ,N,N,N,J,N,KUNDER UNDER 18 ÅR                 ,N,N,N,N,N,N,N,N,N,N,N
4519,08081127914,P,00102,Bergitte Audun                     ,Osmundsen                          ,N,N,N,J,N,KUNDER UNDER 18 ÅR                 ,N,N,N,N,N,N,N,N,N,N,N
4519,05071160566,P,00800,Joacim Fay                         ,Holmvik                            ,N,N,N,J,N,KUNDER UNDER 18 ÅR                 ,N,N,N,N,N,N,N,N,N,N,N
4519,28110837420,P,00102,Mie Benn                           ,Skjong                             ,N,N,N,J,N,KUNDER UNDER 18 ÅR                 ,N,N,N,N,N,N,N,N,N,N,N
4519,25041216568,P,01200,Magomed Josefine                   ,Guttorm                            ,N,N,N,J,N,KUNDER UNDER 18 ÅR                 ,N,N,N,N,N,N,N,N,N,N,N
4519,24101525739,P,00800,Valter Grace                       ,Tellefsen                          ,N,N,N,J,N,KUNDER UNDER 18 ÅR                 ,N,N,N,N,N,N,N,N,N,N,N
4519,04111120736,P,00102,Torgny Lotte                       ,Gram                               ,N,N,N,J,N,KUNDER UNDER 18 ÅR                 ,N,N,N,N,N,N,N,N,N,N,N
4519,08051431937,P,00102,Nataniel Luna                      ,Nøkleby                            ,N,N,N,J,N,KUNDER UNDER 18 ÅR                 ,N,N,N,N,N,N,N,N,N,N,N
4519,20040727567,P,00102,Justas Felicia                     ,Engelund                           ,N,N,N,J,N,KUNDER UNDER 18 ÅR                 ,N,N,N,N,N,N,N,N,N,N,N
4519,23041078707,P,00102,Mirjam Melvin                      ,Vetrhus                            ,N,N,N,J,N,KUNDER UNDER 18 ÅR                 ,N,N,N,N,N,N,N,N,N,N,N
4519,26041519435,P,01200,Kristianne Bernt                   ,Lidal                              ,N,N,N,J,N,KUNDER UNDER 18 ÅR                 ,N,N,N,N,N,N,N,N,N,N,N
4519,27061116090,P,00800,Ragnfrid Hans-Christian            ,Lynum                              ,N,N,N,J,N,KUNDER UNDER 18 ÅR                 ,N,N,N,N,N,N,N,N,N,N,N
4519,19030813645,P,00102,Håvard Kathrin                     ,Strømberg                          ,N,N,N,J,N,KUNDER UNDER 18 ÅR                 ,N,N,N,N,N,N,N,N,N,N,N
4519,10090955808,P,00900,Tor-Inge Lilly                     ,Mjøen                              ,N,N,N,J,N,KUNDER UNDER 18 ÅR                 ,N,N,N,N,N,N,N,N,N,N,N
4519,01091424351,P,00102,Skjalg Ewelina                     ,Brænden                            ,N,N,N,J,N,KUNDER UNDER 18 ÅR                 ,N,N,N,N,N,N,N,N,N,N,N
4519,15090975304,P,00102,Thorsten Edith                     ,Lomeland                           ,N,N,N,J,N,KUNDER UNDER 18 ÅR                 ,N,N,N,N,N,N,N,N,N,N,N
4519,27041032850,P,00900,Ahmet Solbjørg                     ,Arif                               ,N,N,N,J,N,KUNDER UNDER 18 ÅR                 ,N,N,N,N,N,N,N,N,N,N,N
4519,24061020698,P,00102,Marthine Danny                     ,Randen                             ,N,N,N,J,N,KUNDER UNDER 18 ÅR                 ,N,N,N,N,N,N,N,N,N,N,N
4519,15051415482,P,00102,Christel Kris                      ,Knutsen                            ,J,N,N,J,N,KUNDER UNDER 18 ÅR                 ,N,N,N,N,N,N,N,N,N,N,N
4519,05081205215,P,00102,Knud Aneta                         ,Ofstad                             ,N,N,N,J,N,KUNDER UNDER 18 ÅR                 ,N,N,N,N,N,N,N,N,N,N,N
4519,09060668512,P,00800,Mille Hallgeir                     ,Brænden                            ,N,N,N,J,N,KUNDER UNDER 18 ÅR                 ,N,N,N,N,N,N,N,N,N,N,N
4519,19121602914,P,00800,Frithjof Aimee                     ,Brænden                            ,N,N,N,J,N,KUNDER UNDER 18 ÅR                 ,N,N,N,N,N,N,N,N,N,N,N
4519,24100830759,P,00900,Ine Mika                           ,Mørland                            ,N,N,N,J,N,KUNDER UNDER 18 ÅR                 ,N,N,N,N,N,N,N,N,N,N,N
4519,18081127138,P,00102,Jan-Fredrik Arnlaug                ,Rydland                            ,N,N,N,J,N,KUNDER UNDER 18 ÅR                 ,N,N,N,N,N,N,N,N,N,N,N
4519,25100906905,P,00102,Rabia Eduard                       ,Homme                              ,N,N,N,J,N,KUNDER UNDER 18 ÅR                 ,N,N,N,N,N,N,N,N,N,N,N
4519,20051034040,P,00102,Mariell Nils-Petter                ,Miljeteig                          ,N,N,N,J,N,KUNDER UNDER 18 ÅR                 ,N,N,N,N,N,N,N,N,N,N,N
4519,11110905418,P,01200,Dominika Mattis                    ,Rikardsen                          ,N,N,N,J,N,KUNDER UNDER 18 ÅR                 ,N,N,N,N,N,N,N,N,N,N,N
4519,03111321875,P,00102,Ann-Katrin Marius                  ,Trønnes                            ,N,N,N,J,N,KUNDER UNDER 18 ÅR                 ,N,N,N,N,N,N,N,N,N,N,N
4519,08040711008,P,00102,Lykke Ari                          ,Erikstad                           ,N,N,N,J,N,KUNDER UNDER 18 ÅR                 ,N,N,N,N,N,N,N,N,N,N,N
4519,03121575832,P,00102,Gloria Jorulf                      ,Moldskred                          ,N,N,N,J,N,KUNDER UNDER 18 ÅR                 ,N,N,N,N,N,N,N,N,N,N,N
4519,16040677856,P,00900,Beth Aslak                         ,Skråmestø                          ,N,N,N,J,N,KUNDER UNDER 18 ÅR                 ,N,N,N,N,N,N,N,N,N,N,N
4519,25011105206,P,00800,Valdemar Runi                      ,Selmer                             ,N,N,N,J,N,KUNDER UNDER 18 ÅR                 ,N,N,N,N,N,N,N,N,N,N,N
4519,11121432120,P,00900,Hallgeir Giske                     ,Dybwad                             ,N,N,N,J,N,KUNDER UNDER 18 ÅR                 ,N,N,N,N,N,N,N,N,N,N,N
4519,23060616515,P,00800,Jo Claudia                         ,Nyheim                             ,N,N,N,J,N,KUNDER UNDER 18 ÅR                 ,N,N,N,N,N,N,N,N,N,N,N
4519,15120706206,P,00102,Anne-Karine Kenny                  ,Kallevik                           ,N,N,N,J,N,KUNDER UNDER 18 ÅR                 ,N,N,N,N,N,N,N,N,N,N,N
4519,06031431202,P,01200,Edgar Saga                         ,Vevang                             ,N,N,N,J,N,KUNDER UNDER 18 ÅR                 ,N,N,N,N,N,N,N,N,N,N,N
4519,09051203795,P,01200,Jorun Hallstein                    ,Monstad                            ,N,N,N,J,N,KUNDER UNDER 18 ÅR                 ,N,N,N,N,N,N,N,N,N,N,N
4519,27060857933,P,01200,Eline Dmitri                       ,Sølvberg                           ,N,N,N,J,N,KUNDER UNDER 18 ÅR                 ,N,N,N,N,N,N,N,N,N,N,N
4519,18110720579,P,00900,Wojciech Jennie                    ,Lam                                ,N,N,N,J,N,KUNDER UNDER 18 ÅR                 ,N,N,N,N,N,N,N,N,N,N,N
4519,12030911782,P,00800,Asmund Julie                       ,Rynning                            ,N,N,N,J,N,KUNDER UNDER 18 ÅR                 ,N,N,N,N,N,N,N,N,N,N,N
4519,15031328753,P,00102,Edle Gregor                        ,Elmi                               ,N,N,N,J,N,KUNDER UNDER 18 ÅR                 ,N,N,N,N,N,N,N,N,N,N,N
4519,19010824845,P,00800,Edgar Ragnfrid                     ,Alnes                              ,N,N,N,J,N,KUNDER UNDER 18 ÅR                 ,N,N,N,N,N,N,N,N,N,N,N
4519,10110823482,P,00800,Arnulf Izabela                     ,Lindås                             ,N,N,N,J,N,KUNDER UNDER 18 ÅR                 ,N,N,N,N,N,N,N,N,N,N,N
4519,05071413480,P,01200,Niklas Judith                      ,Slåtten                            ,N,N,N,J,N,KUNDER UNDER 18 ÅR                 ,N,N,N,N,N,N,N,N,N,N,N
4519,29110707027,P,00102,Gunda Akram                        ,Frisvold                           ,N,N,N,J,N,KUNDER UNDER 18 ÅR                 ,N,N,N,N,N,N,N,N,N,N,N
4519,10121202757,P,00102,Farhad Elna                        ,Furseth                            ,N,N,N,J,N,KUNDER UNDER 18 ÅR                 ,N,N,N,N,N,N,N,N,N,N,N
4519,10061027659,P,00102,Norma Billy                        ,Kolbjørnsen                        ,N,N,N,J,N,KUNDER UNDER 18 ÅR                 ,N,N,N,N,N,N,N,N,N,N,N
4519,09050901278,P,00800,Mildred Johnny                     ,Fardal                             ,N,N,N,J,N,KUNDER UNDER 18 ÅR                 ,N,N,N,N,N,N,N,N,N,N,N
4519,15021120445,P,00800,Theresa Billy                      ,Lilleby                            ,N,N,N,J,N,KUNDER UNDER 18 ÅR                 ,N,N,N,N,N,N,N,N,N,N,N
4519,04070810773,P,00900,Mirja Arnvid                       ,Tonstad                            ,N,N,N,J,N,KUNDER UNDER 18 ÅR                 ,N,N,N,N,N,N,N,N,N,N,N
4519,18120836303,P,00900,Sigrid Ireneusz                    ,Harkestad                          ,N,N,N,J,N,KUNDER UNDER 18 ÅR                 ,N,N,N,N,N,N,N,N,N,N,N
4519,17030709292,P,00900,Torodd Tale                        ,Busch                              ,N,N,N,J,N,KUNDER UNDER 18 ÅR                 ,N,N,N,N,N,N,N,N,N,N,N
4519,12011378941,P,01200,Lucas Marja                        ,Eidissen                           ,N,N,N,J,N,KUNDER UNDER 18 ÅR                 ,N,N,N,N,N,N,N,N,N,N,N
4519,12031203803,P,01200,Kai Mai                            ,Lauritzen                          ,N,N,N,J,N,KUNDER UNDER 18 ÅR                 ,N,N,N,N,N,N,N,N,N,N,N
4519,02040804350,P,01200,Eline Alex                         ,Edvardsen                          ,N,N,N,J,N,KUNDER UNDER 18 ÅR                 ,N,N,N,N,N,N,N,N,N,N,N
4519,05061423453,P,00102,Tom-Arne Annika                    ,Røgeberg                           ,J,N,N,J,N,KUNDER UNDER 18 ÅR                 ,N,N,N,N,N,N,N,N,N,N,N
4519,25091130842,P,00900,Oddmar Åshild                      ,Westerlund                         ,N,N,N,J,N,KUNDER UNDER 18 ÅR                 ,N,N,N,N,N,N,N,N,N,N,N
4519,03010931958,P,00800,Tron Ann-Mari                      ,Nyvoll                             ,N,N,N,J,N,KUNDER UNDER 18 ÅR                 ,N,N,N,N,N,N,N,N,N,N,N
4519,19060962866,P,00102,Maja Marius                        ,Fardal                             ,N,N,N,J,N,KUNDER UNDER 18 ÅR                 ,N,N,N,N,N,N,N,N,N,N,N
4519,25110844177,P,01200,Willy Gintare                      ,Sandbakken                         ,N,N,N,J,N,KUNDER UNDER 18 ÅR                 ,N,N,N,N,N,N,N,N,N,N,N
4519,17010700213,P,00800,Martine Sturla                     ,Ekerhovd                           ,N,N,N,J,N,KUNDER UNDER 18 ÅR                 ,N,N,N,N,N,N,N,N,N,N,N
4519,18031111273,P,00102,Cornelia Julian                    ,Larsen                             ,N,N,N,J,N,KUNDER UNDER 18 ÅR                 ,N,N,N,N,N,N,N,N,N,N,N
4519,30090830240,P,01200,Borger Leikny                      ,Eknes                              ,N,N,N,J,N,KUNDER UNDER 18 ÅR                 ,N,N,N,N,N,N,N,N,N,N,N
4519,07041426165,P,00900,Teodor Sofie                       ,Monstad                            ,N,N,N,J,N,KUNDER UNDER 18 ÅR                 ,N,N,N,N,N,N,N,N,N,N,N
4519,25060709427,P,00102,Solveig Tollef                     ,Berntsen                           ,N,N,N,J,N,KUNDER UNDER 18 ÅR                 ,N,N,N,N,N,N,N,N,N,N,N
4519,02080908949,P,00900,Marlena Dean                       ,Haugseth                           ,N,N,N,J,N,KUNDER UNDER 18 ÅR                 ,N,N,N,N,N,N,N,N,N,N,N
4519,02110615305,P,01200,Juni Sune                          ,Finnøy                             ,N,N,N,J,N,KUNDER UNDER 18 ÅR                 ,N,N,N,N,N,N,N,N,N,N,N
4519,30110826652,P,00102,Oskar Eilin                        ,Brønstad                           ,N,N,N,J,N,KUNDER UNDER 18 ÅR                 ,N,N,N,N,N,N,N,N,N,N,N
4519,17060918392,P,00102,Dorota Styrk                       ,Stavrum                            ,N,N,N,J,N,KUNDER UNDER 18 ÅR                 ,N,N,N,N,N,N,N,N,N,N,N
4519,25021030034,P,01200,Live Laimonas                      ,Vevang                             ,N,N,N,J,N,KUNDER UNDER 18 ÅR                 ,N,N,N,N,N,N,N,N,N,N,N
4519,03050706965,P,00102,Thorsten Laima                     ,Røren                              ,N,N,N,J,N,KUNDER UNDER 18 ÅR                 ,N,N,N,N,N,N,N,N,N,N,N
4519,17021203637,P,00900,Stener Fatima                      ,Husøy                              ,N,N,N,J,N,KUNDER UNDER 18 ÅR                 ,N,N,N,N,N,N,N,N,N,N,N
4519,25040733836,P,00900,Eduardo Genet                      ,Vika                               ,N,N,N,J,N,KUNDER UNDER 18 ÅR                 ,N,N,N,N,N,N,N,N,N,N,N
4519,19020825033,P,00102,Mehran Silvia                      ,Melbø                              ,N,N,N,J,N,KUNDER UNDER 18 ÅR                 ,N,N,N,N,N,N,N,N,N,N,N
4519,30121226312,P,00102,Unni Dovydas                       ,Neverdal                           ,N,N,N,J,N,KUNDER UNDER 18 ÅR                 ,N,N,N,N,N,N,N,N,N,N,N
4519,16010835937,P,00900,Nikita Merete                      ,Grebstad                           ,N,N,N,J,N,KUNDER UNDER 18 ÅR                 ,N,N,N,N,N,N,N,N,N,N,N
4519,20040668714,P,00102,Tetiana Kato                       ,Stene                              ,N,N,N,J,N,KUNDER UNDER 18 ÅR                 ,N,N,N,N,N,N,N,N,N,N,N
4519,20010724520,P,00102,Dorthea Kenny                      ,Horntvedt                          ,N,N,N,J,N,KUNDER UNDER 18 ÅR                 ,N,N,N,N,N,N,N,N,N,N,N
4519,09120604683,P,00900,Galina Bruno                       ,Seppola                            ,N,N,N,J,N,KUNDER UNDER 18 ÅR                 ,N,N,N,N,N,N,N,N,N,N,N
4519,25061017561,P,00800,Thorsten Edith                     ,Aanestad                           ,N,N,N,J,N,KUNDER UNDER 18 ÅR                 ,N,N,N,N,N,N,N,N,N,N,N
4519,15120700526,P,00900,Othilie Berge                      ,Sørbø                              ,N,N,N,J,N,KUNDER UNDER 18 ÅR                 ,N,N,N,N,N,N,N,N,N,N,N
4519,28080821184,P,00900,Sajjad Margith                     ,Weum                               ,N,N,N,J,N,KUNDER UNDER 18 ÅR                 ,N,N,N,N,N,N,N,N,N,N,N
4519,29030819649,P,00102,Eline Frank                        ,Kvale                              ,N,N,N,J,N,KUNDER UNDER 18 ÅR                 ,N,N,N,N,N,N,N,N,N,N,N
4519,31031316351,P,00102,Petras Frøya                       ,Barstad                            ,N,N,N,J,N,KUNDER UNDER 18 ÅR                 ,N,N,N,N,N,N,N,N,N,N,N
4519,19061103654,P,00102,Willy Ylva                         ,Ofstad                             ,N,N,N,J,N,KUNDER UNDER 18 ÅR                 ,N,N,N,N,N,N,N,N,N,N,N
4519,12121421141,P,03300,Wioletta Duc                       ,Berhane                            ,N,N,N,J,N,KUNDER UNDER 18 ÅR                 ,N,N,N,N,N,N,N,N,N,N,N
4519,04111515390,P,00102,Christiane Ingvard                 ,Sjo                                ,N,N,N,J,N,KUNDER UNDER 18 ÅR                 ,N,N,N,N,N,N,N,N,N,N,N
4519,27100832939,P,01200,Camilla Ingvald                    ,Jensrud                            ,N,N,N,J,N,KUNDER UNDER 18 ÅR                 ,N,N,N,N,N,N,N,N,N,N,N
4519,26121275081,P,01200,Normann Bjørgunn                   ,Torvund                            ,N,N,N,J,N,KUNDER UNDER 18 ÅR                 ,N,N,N,N,N,N,N,N,N,N,N
4519,08071401333,P,00102,Dominika Sturla                    ,Gangstad                           ,N,N,N,J,N,KUNDER UNDER 18 ÅR                 ,N,N,N,N,N,N,N,N,N,N,N
4519,01040730458,P,00102,Florence Saad                      ,Mehl                               ,N,N,N,J,N,KUNDER UNDER 18 ÅR                 ,N,N,N,N,N,N,N,N,N,N,N
4519,02021003487,P,00800,Lillian Danny                      ,Hellem                             ,N,N,N,J,N,KUNDER UNDER 18 ÅR                 ,N,N,N,N,N,N,N,N,N,N,N
4519,21101426847,P,00102,Mary Orhan                         ,Tveter                             ,N,N,N,J,N,KUNDER UNDER 18 ÅR                 ,N,N,N,N,N,N,N,N,N,N,N
4519,09041675729,P,00800,Lucie Marcos                       ,Fardal                             ,N,N,N,J,N,KUNDER UNDER 18 ÅR                 ,N,N,N,N,N,N,N,N,N,N,N
4519,31081266304,P,06008,Bushra Istvan                      ,Homme                              ,N,N,N,J,N,KUNDER UNDER 18 ÅR                 ,N,N,N,N,N,N,N,N,N,N,N
4519,08011014500,P,00900,Tarjei Ina                         ,Opsal                              ,N,N,N,J,N,KUNDER UNDER 18 ÅR                 ,N,N,N,N,N,N,N,N,N,N,N
4519,27031400673,P,00800,Naomi Helmer                       ,Bjørkheim                          ,N,N,N,J,N,KUNDER UNDER 18 ÅR                 ,N,N,N,N,N,N,N,N,N,N,N
4519,13031213996,P,01200,Juan Tuva                          ,Hynne                              ,N,N,N,J,N,KUNDER UNDER 18 ÅR                 ,N,N,N,N,N,N,N,N,N,N,N
4519,25020615306,P,00102,Jo Gabrielle                       ,Moldskred                          ,N,N,N,J,N,KUNDER UNDER 18 ÅR                 ,N,N,N,N,N,N,N,N,N,N,N
4519,16050661346,P,00102,Trudi Audun                        ,Engum                              ,N,N,N,J,N,KUNDER UNDER 18 ÅR                 ,N,N,N,N,N,N,N,N,N,N,N
4519,22031301622,P,01200,Mariya Steingrim                   ,Austad                             ,N,N,N,J,N,KUNDER UNDER 18 ÅR                 ,N,N,N,N,N,N,N,N,N,N,N
4519,31121478237,P,00900,Ingun Dean                         ,Skår                               ,J,N,N,J,N,KUNDER UNDER 18 ÅR                 ,N,N,N,N,N,N,N,N,N,N,N
4519,26110975332,P,00102,Maricel Carsten                    ,Hofstad                            ,N,N,N,J,N,KUNDER UNDER 18 ÅR                 ,N,N,N,N,N,N,N,N,N,N,N
4519,24080603696,P,00800,Mehran Grazyna                     ,Hokstad                            ,N,N,N,J,N,KUNDER UNDER 18 ÅR                 ,N,N,N,N,N,N,N,N,N,N,N
4519,01091319779,P,00102,Olivia Boye                        ,Grebstad                           ,N,N,N,J,N,KUNDER UNDER 18 ÅR                 ,N,N,N,N,N,N,N,N,N,N,N
4519,11080639033,P,00102,Daniela Orhan                      ,Klein                              ,N,N,N,J,N,KUNDER UNDER 18 ÅR                 ,N,N,N,N,N,N,N,N,N,N,N
4519,18070977695,P,00102,Iveta Gheorghe                     ,Svensson                           ,N,N,N,J,N,KUNDER UNDER 18 ÅR                 ,N,N,N,N,N,N,N,N,N,N,N
4519,03011325253,P,00102,Andre Gyda                         ,Andreassen                         ,N,N,N,J,N,KUNDER UNDER 18 ÅR                 ,N,N,N,N,N,N,N,N,N,N,N
4519,20070823374,P,00900,Radoslaw Nicola                    ,Sundt                              ,N,N,N,J,N,KUNDER UNDER 18 ÅR                 ,N,N,N,N,N,N,N,N,N,N,N
4519,23081215847,P,00102,Eduardo Vilde                      ,Skjørestad                         ,N,N,N,J,N,KUNDER UNDER 18 ÅR                 ,N,N,N,N,N,N,N,N,N,N,N
4519,29121217285,P,06008,Endre Tetiana                      ,Fure                               ,N,N,N,J,N,KUNDER UNDER 18 ÅR                 ,N,N,N,N,N,N,N,N,N,N,N
4519,26081329507,P,01200,Iwona Trym                         ,Yri                                ,N,N,N,J,N,KUNDER UNDER 18 ÅR                 ,N,N,N,N,N,N,N,N,N,N,N
4519,23050916316,P,01200,Nils Bertha                        ,Sønstebø                           ,N,N,N,J,N,KUNDER UNDER 18 ÅR                 ,N,N,N,N,N,N,N,N,N,N,N
4519,19081068677,P,00900,Lill-Ann Samuel                    ,Steindal                           ,N,N,N,J,N,KUNDER UNDER 18 ÅR                 ,N,N,N,N,N,N,N,N,N,N,N
4519,06110604686,P,01200,Sahar Tron                         ,Skogvold                           ,N,N,N,J,N,KUNDER UNDER 18 ÅR                 ,N,N,N,N,N,N,N,N,N,N,N
4519,13090931444,P,00102,Vilje Trym                         ,Sætre                              ,N,N,N,J,N,KUNDER UNDER 18 ÅR                 ,N,N,N,N,N,N,N,N,N,N,N
4519,21030620698,P,00102,Gudny Maciej                       ,Loe                                ,N,N,N,J,N,KUNDER UNDER 18 ÅR                 ,N,N,N,N,N,N,N,N,N,N,N
4519,21091137884,P,00900,Cathinka Billy                     ,Ljosland                           ,N,N,N,J,N,KUNDER UNDER 18 ÅR                 ,N,N,N,N,N,N,N,N,N,N,N
4519,29100830734,P,00900,Valentina Christen                 ,Viddal                             ,N,N,N,J,N,KUNDER UNDER 18 ÅR                 ,N,N,N,N,N,N,N,N,N,N,N
4519,25071228188,P,00102,Radoslaw Anne-Britt                ,Størseth                           ,N,N,N,J,N,KUNDER UNDER 18 ÅR                 ,N,N,N,N,N,N,N,N,N,N,N
4519,05101475648,P,00900,Ranveig Marc                       ,Thingstad                          ,N,N,N,J,N,KUNDER UNDER 18 ÅR                 ,N,N,N,N,N,N,N,N,N,N,N
4519,06011313963,P,00102,Aadne Adriana                      ,Ho                                 ,N,N,N,J,N,KUNDER UNDER 18 ÅR                 ,N,N,N,N,N,N,N,N,N,N,N
4519,29070602383,P,00102,Cesilie Mateo                      ,Rui                                ,N,N,N,J,N,KUNDER UNDER 18 ÅR                 ,N,N,N,N,N,N,N,N,N,N,N
4519,29120613128,P,00900,Magnhild Thorgeir                  ,Nekstad                            ,N,N,N,J,N,KUNDER UNDER 18 ÅR                 ,N,N,N,N,N,N,N,N,N,N,N
4519,27041123783,P,00900,Dyveke Romualdas                   ,Iversen                            ,N,N,N,J,N,KUNDER UNDER 18 ÅR                 ,N,N,N,N,N,N,N,N,N,N,N
4519,03111332389,P,00102,Polina Sinisa                      ,Lofthus                            ,J,N,N,J,N,KUNDER UNDER 18 ÅR                 ,N,N,N,N,N,N,N,N,N,N,N
4519,27060602668,P,01200,Sophia Kolbein                     ,Hasund                             ,N,N,N,J,N,KUNDER UNDER 18 ÅR                 ,N,N,N,N,N,N,N,N,N,N,N
4519,25040933959,P,00102,Kjellrun Francisco                 ,Hausken                            ,J,N,N,J,N,KUNDER UNDER 18 ÅR                 ,N,N,N,N,N,N,N,N,N,N,N
4519,27070671137,P,00102,Eiril Leszek                       ,Thorbjørnsen                       ,N,N,N,J,N,KUNDER UNDER 18 ÅR                 ,N,N,N,N,N,N,N,N,N,N,N
4519,01050733242,P,00102,Jens Carmen                        ,Brænden                            ,N,N,N,J,N,KUNDER UNDER 18 ÅR                 ,N,N,N,N,N,N,N,N,N,N,N
4519,26100812974,P,00102,Mali Emilio                        ,Ekroll                             ,J,N,N,J,N,KUNDER UNDER 18 ÅR                 ,N,N,N,N,N,N,N,N,N,N,N
4519,08021529878,P,00900,Robertas Anne                      ,Mikalsen                           ,N,N,N,J,N,KUNDER UNDER 18 ÅR                 ,N,N,N,N,N,N,N,N,N,N,N
4519,02041503451,P,01200,Kjellaug Kris                      ,Espenes                            ,N,N,N,J,N,KUNDER UNDER 18 ÅR                 ,N,N,N,N,N,N,N,N,N,N,N
4519,22030926602,P,00102,Justinas Bertine                   ,Randen                             ,N,N,N,J,N,KUNDER UNDER 18 ÅR                 ,N,N,N,N,N,N,N,N,N,N,N
4519,28031404896,P,00800,Trine-Lise Jack                    ,Sørdal                             ,N,N,N,J,N,KUNDER UNDER 18 ÅR                 ,N,N,N,N,N,N,N,N,N,N,N
4519,20030927185,P,00800,Lina Ole-Marius                    ,Aam                                ,N,N,N,J,N,KUNDER UNDER 18 ÅR                 ,N,N,N,N,N,N,N,N,N,N,N
4519,27071413581,P,00102,Mariel Abdifatah                   ,Rabben                             ,J,N,N,J,N,KUNDER UNDER 18 ÅR                 ,N,N,N,N,N,N,N,N,N,N,N
4519,18110936172,P,00102,Steffan Eldrid                     ,Brænden                            ,N,N,N,J,N,KUNDER UNDER 18 ÅR                 ,N,N,N,N,N,N,N,N,N,N,N
4519,23020907762,P,00900,Eldrid Jack                        ,Fardal                             ,N,N,N,J,N,KUNDER UNDER 18 ÅR                 ,N,N,N,N,N,N,N,N,N,N,N
4519,14071068006,P,01200,Sead Ava                           ,Alvestad                           ,N,N,N,J,N,KUNDER UNDER 18 ÅR                 ,N,N,N,N,N,N,N,N,N,N,N
4519,16081208291,P,00102,Julio Gudveig                      ,Gausdal                            ,N,N,N,J,N,KUNDER UNDER 18 ÅR                 ,N,N,N,N,N,N,N,N,N,N,N
4519,23020935669,P,00102,Curt Ariane                        ,Skjolden                           ,N,N,N,J,N,KUNDER UNDER 18 ÅR                 ,N,N,N,N,N,N,N,N,N,N,N
4519,23031175267,P,00800,Adnan Joanna                       ,Børve                              ,N,N,N,J,N,KUNDER UNDER 18 ÅR                 ,N,N,N,N,N,N,N,N,N,N,N
4519,11090643306,P,00102,Hong Geir-Arne                     ,Bjune                              ,N,N,N,J,N,KUNDER UNDER 18 ÅR                 ,N,N,N,N,N,N,N,N,N,N,N
4519,05081433315,P,00102,Cathrin Frank                      ,Moldskred                          ,N,N,N,J,N,KUNDER UNDER 18 ÅR                 ,N,N,N,N,N,N,N,N,N,N,N
4519,03120976671,P,00800,Anstein Ramona                     ,Voll                               ,N,N,N,J,N,KUNDER UNDER 18 ÅR                 ,N,N,N,N,N,N,N,N,N,N,N
4519,27041024637,P,00800,Layla Evert                        ,Skjevik                            ,N,N,N,J,N,KUNDER UNDER 18 ÅR                 ,N,N,N,N,N,N,N,N,N,N,N
4519,12041301560,P,00800,Vasile Vesna                       ,Engum                              ,N,N,N,J,N,KUNDER UNDER 18 ÅR                 ,N,N,N,N,N,N,N,N,N,N,N
4519,06110720015,P,00102,Jens Jonna                         ,Granheim                           ,N,N,N,J,N,KUNDER UNDER 18 ÅR                 ,N,N,N,N,N,N,N,N,N,N,N
4519,23080702965,P,00102,Velaug Hallstein                   ,Olaussen                           ,N,N,N,J,N,KUNDER UNDER 18 ÅR                 ,N,N,N,N,N,N,N,N,N,N,N
4519,27010621335,P,00900,Tadeusz Paulina                    ,Tessem                             ,N,N,N,J,N,KUNDER UNDER 18 ÅR                 ,N,N,N,N,N,N,N,N,N,N,N
4519,09040852740,P,01200,Tirill Roald                       ,Våga                               ,N,N,N,J,N,KUNDER UNDER 18 ÅR                 ,N,N,N,N,N,N,N,N,N,N,N
4519,25110904641,P,00102,Selam Frank                        ,Jevne                              ,N,N,N,J,N,KUNDER UNDER 18 ÅR                 ,N,N,N,N,N,N,N,N,N,N,N
4519,21051222986,P,00102,Liudmila Carsten                   ,Kvalø                              ,N,N,N,J,N,KUNDER UNDER 18 ÅR                 ,N,N,N,N,N,N,N,N,N,N,N
4519,11071510621,P,00800,Azra Marc                          ,Askeland                           ,N,N,N,J,N,KUNDER UNDER 18 ÅR                 ,N,N,N,N,N,N,N,N,N,N,N
4519,14040624040,P,00800,Andrius Josephine                  ,Egeland                            ,N,N,N,J,N,KUNDER UNDER 18 ÅR                 ,N,N,N,N,N,N,N,N,N,N,N
4519,12041401158,P,00102,Cathrin Frank                      ,Søderholm                          ,J,N,N,J,N,KUNDER UNDER 18 ÅR                 ,N,N,N,N,N,N,N,N,N,N,N
4519,07020758451,P,00102,Liselotte Varg                     ,Bull                               ,N,N,N,J,N,KUNDER UNDER 18 ÅR                 ,N,N,N,N,N,N,N,N,N,N,N
4519,09111190418,P,00102,Florence Jan-Olav                  ,Klokk                              ,N,N,N,J,N,KUNDER UNDER 18 ÅR                 ,N,N,N,N,N,N,N,N,N,N,N
4519,24091177419,P,00900,Simona Aadne                       ,Vanvik                             ,N,N,N,J,N,KUNDER UNDER 18 ÅR                 ,N,N,N,N,N,N,N,N,N,N,N
4519,10031423126,P,00102,Eira Miguel                        ,Sandvær                            ,N,N,N,J,N,KUNDER UNDER 18 ÅR                 ,N,N,N,N,N,N,N,N,N,N,N
4519,06031010924,P,00102,Fatma Adem                         ,Lilleby                            ,N,N,N,J,N,KUNDER UNDER 18 ÅR                 ,N,N,N,N,N,N,N,N,N,N,N
4519,08100800412,P,00900,Susann Fernando                    ,Ottesen                            ,N,N,N,J,N,KUNDER UNDER 18 ÅR                 ,N,N,N,N,N,N,N,N,N,N,N
4519,12110638297,P,00102,Gunnlaug Julian                    ,Stava                              ,J,N,N,J,N,KUNDER UNDER 18 ÅR                 ,N,N,N,N,N,N,N,N,N,N,N
4519,08081311103,P,00102,Karstein Synneva                   ,Lynum                              ,N,N,N,J,N,KUNDER UNDER 18 ÅR                 ,N,N,N,N,N,N,N,N,N,N,N
4519,14020937476,P,00900,Knud Ragni                         ,Weberg                             ,N,N,N,J,N,KUNDER UNDER 18 ÅR                 ,N,N,N,N,N,N,N,N,N,N,N
4519,23060663815,P,01200,Mika Kate                          ,Svela                              ,N,N,N,J,N,KUNDER UNDER 18 ÅR                 ,N,N,N,N,N,N,N,N,N,N,N
4519,28041277507,P,01200,Thorsten Edith                     ,Berland                            ,N,N,N,J,N,KUNDER UNDER 18 ÅR                 ,N,N,N,N,N,N,N,N,N,N,N
4519,02060923240,P,01200,Dovile Trym                        ,Barka                              ,N,N,N,J,N,KUNDER UNDER 18 ÅR                 ,N,N,N,N,N,N,N,N,N,N,N
4519,13111510355,P,01200,Anny Jack                          ,Standal                            ,N,N,N,J,N,KUNDER UNDER 18 ÅR                 ,N,N,N,N,N,N,N,N,N,N,N
4519,28091407045,P,00102,Iwona Laimonas                     ,Wille                              ,N,N,N,J,N,KUNDER UNDER 18 ÅR                 ,N,N,N,N,N,N,N,N,N,N,N
4519,16121032566,P,01200,Normann Anne-Mette                 ,Vikan                              ,N,N,N,J,N,KUNDER UNDER 18 ÅR                 ,N,N,N,N,N,N,N,N,N,N,N
4519,08121575737,P,00900,Kai Annichen                       ,Angvik                             ,N,N,N,J,N,KUNDER UNDER 18 ÅR                 ,N,N,N,N,N,N,N,N,N,N,N
4519,21041100696,P,00102,Ådne Kirsten                       ,Haugli                             ,N,N,N,J,N,KUNDER UNDER 18 ÅR                 ,N,N,N,N,N,N,N,N,N,N,N
4519,24060956568,P,00102,Karen Marcelo                      ,Flataker                           ,N,N,N,J,N,KUNDER UNDER 18 ÅR                 ,N,N,N,N,N,N,N,N,N,N,N
4519,20071200648,P,00800,Mindor Raimonda                    ,Hallan                             ,N,N,N,J,N,KUNDER UNDER 18 ÅR                 ,N,N,N,N,N,N,N,N,N,N,N
4519,27030912603,P,00102,Cicilie Carsten                    ,Orvik                              ,N,N,N,J,N,KUNDER UNDER 18 ÅR                 ,N,N,N,N,N,N,N,N,N,N,N
4519,27111178580,P,00800,Justas Felicia                     ,Øvland                             ,N,N,N,J,N,KUNDER UNDER 18 ÅR                 ,N,N,N,N,N,N,N,N,N,N,N
4519,05011477439,P,00800,Maj-Britt Styrk                    ,Lynum                              ,N,N,N,J,N,KUNDER UNDER 18 ÅR                 ,N,N,N,N,N,N,N,N,N,N,N
4519,20070610656,P,00800,Nina Stuart                        ,Hellesø                            ,N,N,N,J,N,KUNDER UNDER 18 ÅR                 ,N,N,N,N,N,N,N,N,N,N,N
4519,02071070843,P,00900,Juni Hallgeir                      ,Melheim                            ,N,N,N,J,N,KUNDER UNDER 18 ÅR                 ,N,N,N,N,N,N,N,N,N,N,N
4519,15060664525,P,00900,Fillip Ragni                       ,Haugseth                           ,N,N,N,J,N,KUNDER UNDER 18 ÅR                 ,N,N,N,N,N,N,N,N,N,N,N
4519,29070702809,P,01200,Nils Christiane                    ,Austad                             ,N,N,N,J,N,KUNDER UNDER 18 ÅR                 ,N,N,N,N,N,N,N,N,N,N,N
4519,19011520394,P,00102,Oluf Bertha                        ,Vevang                             ,N,N,N,J,N,KUNDER UNDER 18 ÅR                 ,N,N,N,N,N,N,N,N,N,N,N
4519,14091117461,P,01200,Ilyas Milla                        ,Rikardsen                          ,N,N,N,J,N,KUNDER UNDER 18 ÅR                 ,N,N,N,N,N,N,N,N,N,N,N
4519,25010709558,P,00900,Erland Bjarnhild                   ,Vevang                             ,N,N,N,J,N,KUNDER UNDER 18 ÅR                 ,N,N,N,N,N,N,N,N,N,N,N
4519,04021304544,P,00102,Torleiv Gine                       ,Wulff                              ,N,N,N,J,N,KUNDER UNDER 18 ÅR                 ,N,N,N,N,N,N,N,N,N,N,N
4519,23030800915,P,00800,Mehmed Eleni                       ,Nordeng                            ,N,N,N,J,N,KUNDER UNDER 18 ÅR                 ,N,N,N,N,N,N,N,N,N,N,N
4519,21031226241,P,01200,Szymon Othelie                     ,Espedal                            ,N,N,N,J,N,KUNDER UNDER 18 ÅR                 ,N,N,N,N,N,N,N,N,N,N,N
4519,02041116911,P,00800,Justinas Rutt                      ,Ofstad                             ,N,N,N,J,N,KUNDER UNDER 18 ÅR                 ,N,N,N,N,N,N,N,N,N,N,N
4519,15061530360,P,01200,Marcel Beata                       ,Malmo                              ,N,N,N,J,N,KUNDER UNDER 18 ÅR                 ,N,N,N,N,N,N,N,N,N,N,N
4519,11051212276,P,01200,Hasan Renee                        ,Nylund                             ,N,N,N,J,N,KUNDER UNDER 18 ÅR                 ,N,N,N,N,N,N,N,N,N,N,N
4519,10090927154,P,00900,Maricel Carsten                    ,Homme                              ,N,N,N,J,N,KUNDER UNDER 18 ÅR                 ,N,N,N,N,N,N,N,N,N,N,N
4519,01010726286,P,00800,Karsten Pia                        ,Lynum                              ,N,N,N,J,N,KUNDER UNDER 18 ÅR                 ,N,N,N,N,N,N,N,N,N,N,N
4519,30061019487,P,00102,Terese Geir-Arne                   ,Borge                              ,N,N,N,J,N,KUNDER UNDER 18 ÅR                 ,N,N,N,N,N,N,N,N,N,N,N
4519,01051029476,P,00102,Eivin Tiril                        ,Tveita                             ,N,N,N,J,N,KUNDER UNDER 18 ÅR                 ,N,N,N,N,N,N,N,N,N,N,N
4519,04120900981,P,00102,Sahra Borger                       ,Arnestad                           ,N,N,N,J,N,KUNDER UNDER 18 ÅR                 ,N,N,N,N,N,N,N,N,N,N,N
4519,25101162527,P,00900,Ole-Morten Rana                    ,Wagner                             ,N,N,N,J,N,KUNDER UNDER 18 ÅR                 ,N,N,N,N,N,N,N,N,N,N,N
4519,17071327221,P,00800,Emilio Svanaug                     ,Fiske                              ,N,N,N,J,N,KUNDER UNDER 18 ÅR                 ,N,N,N,N,N,N,N,N,N,N,N
4519,02091002542,P,01200,Morteza Sandra                     ,Westrum                            ,N,N,N,J,N,KUNDER UNDER 18 ÅR                 ,N,N,N,N,N,N,N,N,N,N,N
4519,15110877584,P,00102,Andrej Anne-Lill                   ,Gulli                              ,N,N,N,J,N,KUNDER UNDER 18 ÅR                 ,N,N,N,N,N,N,N,N,N,N,N
4519,07101217013,P,01200,Usman Julie                        ,Varhaug                            ,N,N,N,J,N,KUNDER UNDER 18 ÅR                 ,N,N,N,N,N,N,N,N,N,N,N
4519,07011124121,P,00900,Marcelo Celine                     ,Løvstad                            ,N,N,N,J,N,KUNDER UNDER 18 ÅR                 ,N,N,N,N,N,N,N,N,N,N,N
4519,05061106784,P,00102,Reid Peggy                         ,Grønnestad                         ,N,N,N,J,N,KUNDER UNDER 18 ÅR                 ,N,N,N,N,N,N,N,N,N,N,N
4519,18041525726,P,00800,Benthe Kemal                       ,Aslam                              ,N,N,N,J,N,KUNDER UNDER 18 ÅR                 ,N,N,N,N,N,N,N,N,N,N,N
4519,24111108524,P,00102,Eline Oddmund                      ,Lam                                ,N,N,N,J,N,KUNDER UNDER 18 ÅR                 ,N,N,N,N,N,N,N,N,N,N,N
4519,05111402118,P,00800,Darius Kjellfrid                   ,Trengereid                         ,N,N,N,J,N,KUNDER UNDER 18 ÅR                 ,N,N,N,N,N,N,N,N,N,N,N
4519,29071031339,P,00900,Saga Arnvid                        ,Klepp                              ,N,N,N,J,N,KUNDER UNDER 18 ÅR                 ,N,N,N,N,N,N,N,N,N,N,N
4519,29040740374,P,00800,Jurate Tristan                     ,Svensson                           ,N,N,N,J,N,KUNDER UNDER 18 ÅR                 ,N,N,N,N,N,N,N,N,N,N,N
4519,29070605935,P,00900,Ewa Ari                            ,Tessem                             ,N,N,N,J,N,KUNDER UNDER 18 ÅR                 ,N,N,N,N,N,N,N,N,N,N,N
4519,10040826985,P,00102,Malika Mehran                      ,Frøshaug                           ,N,N,N,J,N,KUNDER UNDER 18 ÅR                 ,N,N,N,N,N,N,N,N,N,N,N
4519,21060802847,P,00800,Wera Mantas                        ,Stormo                             ,N,N,N,J,N,KUNDER UNDER 18 ÅR                 ,N,N,N,N,N,N,N,N,N,N,N
4519,29090726089,P,01200,Rodrigo Gloria                     ,Jonsson                            ,N,N,N,J,N,KUNDER UNDER 18 ÅR                 ,N,N,N,N,N,N,N,N,N,N,N
4519,14090712552,P,01200,Brian Ethel                        ,Støen                              ,N,N,N,J,N,KUNDER UNDER 18 ÅR                 ,N,N,N,N,N,N,N,N,N,N,N
4519,04060677897,P,00102,Mika Hild                          ,Rahman                             ,N,J,N,J,N,KUNDER UNDER 18 ÅR                 ,N,N,N,N,N,N,N,N,N,N,N
4519,19061515197,P,00900,Geir Leah                          ,Eidsvik                            ,N,N,N,J,N,KUNDER UNDER 18 ÅR                 ,N,N,N,N,N,N,N,N,N,N,N
4519,13091616704,P,00800,Audrius Augusta                    ,Erland                             ,N,N,N,J,N,KUNDER UNDER 18 ÅR                 ,N,N,N,N,N,N,N,N,N,N,N
4519,24110810209,P,00900,Marcela Geir-Arne                  ,Molund                             ,N,N,N,J,N,KUNDER UNDER 18 ÅR                 ,N,N,N,N,N,N,N,N,N,N,N
4519,15111325240,P,00102,Geir Aslaug                        ,Aaland                             ,N,N,N,J,N,KUNDER UNDER 18 ÅR                 ,N,N,N,N,N,N,N,N,N,N,N
4519,14050633048,P,00102,Karstein Alva                      ,Aaserud                            ,N,J,N,J,N,KUNDER UNDER 18 ÅR                 ,N,N,N,N,N,N,N,N,N,N,N
4519,21011426546,P,00800,Tania Kamran                       ,Sæle                               ,N,N,N,J,N,KUNDER UNDER 18 ÅR                 ,N,N,N,N,N,N,N,N,N,N,N
4519,08101404499,P,00102,Sead Tania                         ,Trengereid                         ,N,N,N,J,N,KUNDER UNDER 18 ÅR                 ,N,N,N,N,N,N,N,N,N,N,N
4519,15020921762,P,01200,Juan Lorna                         ,Sørhus                             ,N,N,N,J,N,KUNDER UNDER 18 ÅR                 ,N,N,N,N,N,N,N,N,N,N,N
4519,15120931501,P,00900,Mårten Cassandra                   ,Steinnes                           ,J,N,N,J,N,KUNDER UNDER 18 ÅR                 ,N,N,N,N,N,N,N,N,N,N,N
4519,19061256574,P,00800,Karsten Katerina                   ,Hermansen                          ,N,N,N,J,N,KUNDER UNDER 18 ÅR                 ,N,N,N,N,N,N,N,N,N,N,N
4519,18070655272,P,00102,Szymon Annfrid                     ,Underhaug                          ,J,N,N,J,N,KUNDER UNDER 18 ÅR                 ,N,N,N,N,N,N,N,N,N,N,N
4519,18120643106,P,00800,Alma Mirza                         ,Yri                                ,N,N,N,J,N,KUNDER UNDER 18 ÅR                 ,N,N,N,N,N,N,N,N,N,N,N
4519,03050672386,P,00900,Kristofer Anke                     ,Loe                                ,N,N,N,J,N,KUNDER UNDER 18 ÅR                 ,N,N,N,N,N,N,N,N,N,N,N
4519,18121723715,P,00900,Thorbjørn Dagrunn                  ,Torp                               ,J,N,N,J,N,KUNDER UNDER 18 ÅR                 ,N,N,N,N,N,N,N,N,N,N,N
4519,13120643554,P,00102,Jo Asborg                          ,Nyhuus                             ,N,N,N,J,N,KUNDER UNDER 18 ÅR                 ,N,N,N,N,N,N,N,N,N,N,N
4519,12041606590,P,00900,Valentina Duc                      ,Slettum                            ,N,N,N,J,N,KUNDER UNDER 18 ÅR                 ,N,N,N,N,N,N,N,N,N,N,N
4519,15020641573,P,00102,Stener Silvana                     ,Flem                               ,N,N,N,J,N,KUNDER UNDER 18 ÅR                 ,N,N,N,N,N,N,N,N,N,N,N
4519,05081418286,P,00102,Tron Eirunn                        ,Foldnes                            ,N,N,N,J,N,KUNDER UNDER 18 ÅR                 ,N,N,N,N,N,N,N,N,N,N,N
4519,09091009231,P,00102,Ståle Barbro                       ,Osmundsen                          ,N,N,N,J,N,KUNDER UNDER 18 ÅR                 ,N,N,N,N,N,N,N,N,N,N,N
4519,21011416079,P,01200,Selma Umar                         ,Kvande                             ,N,N,N,J,N,KUNDER UNDER 18 ÅR                 ,N,N,N,N,N,N,N,N,N,N,N
4519,28070930031,P,01200,Gregor Lotta                       ,Kvinge                             ,N,N,N,J,N,KUNDER UNDER 18 ÅR                 ,N,N,N,N,N,N,N,N,N,N,N
4519,22080624437,P,00102,Ivana Florian                      ,Storsve                            ,N,N,N,J,N,KUNDER UNDER 18 ÅR                 ,N,N,N,N,N,N,N,N,N,N,N
4519,16041236047,P,00102,Merita Skule                       ,Aarsand                            ,N,N,N,J,N,KUNDER UNDER 18 ÅR                 ,N,N,N,N,N,N,N,N,N,N,N
4519,08071158544,P,00900,Håvard Majken                      ,Bøhler                             ,N,N,N,J,N,KUNDER UNDER 18 ÅR                 ,N,N,N,N,N,N,N,N,N,N,N
4519,29051257934,P,00800,Christen Alise                     ,Falkenberg                         ,N,N,N,J,N,KUNDER UNDER 18 ÅR                 ,N,N,N,N,N,N,N,N,N,N,N
4519,24081406134,P,00102,Hasan Emely                        ,Vist                               ,N,N,N,J,N,KUNDER UNDER 18 ÅR                 ,N,N,N,N,N,N,N,N,N,N,N
4519,03080839315,P,00102,Vasile Sine                        ,Borge                              ,N,N,N,J,N,KUNDER UNDER 18 ÅR                 ,N,N,N,N,N,N,N,N,N,N,N
4519,08120968190,P,00102,Raimondas Jorund                   ,Monstad                            ,N,N,N,J,N,KUNDER UNDER 18 ÅR                 ,N,N,N,N,N,N,N,N,N,N,N
4519,05021278442,P,00102,Norma Samuel                       ,Rørstad                            ,J,N,N,J,N,KUNDER UNDER 18 ÅR                 ,N,N,N,N,N,N,N,N,N,N,N
4519,01120933090,P,00800,Denis Edyta                        ,Alnæs                              ,N,N,N,J,N,KUNDER UNDER 18 ÅR                 ,N,N,N,N,N,N,N,N,N,N,N
4519,03020732104,P,00102,Oliwia Aslak                       ,Klepp                              ,N,N,N,J,N,KUNDER UNDER 18 ÅR                 ,N,N,N,N,N,N,N,N,N,N,N
4519,31070725617,P,00102,Ibrahim Ingbjørg                   ,Hjortland                          ,N,N,N,J,N,KUNDER UNDER 18 ÅR                 ,N,N,N,N,N,N,N,N,N,N,N
4519,02110635098,P,01200,Odd-Erik Dordi                     ,Hamre                              ,N,N,N,J,N,KUNDER UNDER 18 ÅR                 ,N,N,N,N,N,N,N,N,N,N,N
4519,23070634872,P,00102,Gunn Umar                          ,Hofstad                            ,N,N,N,J,N,KUNDER UNDER 18 ÅR                 ,N,N,N,N,N,N,N,N,N,N,N
4519,16121202348,P,01200,Angelina Ari                       ,Tallaksen                          ,N,N,N,J,N,KUNDER UNDER 18 ÅR                 ,N,N,N,N,N,N,N,N,N,N,N
4519,25090956658,P,00102,Azad Kristianne                    ,Myhre                              ,N,N,N,J,N,KUNDER UNDER 18 ÅR                 ,N,N,N,N,N,N,N,N,N,N,N
4519,27050716673,P,00900,Tina Arthur                        ,Skogsrud                           ,N,N,N,J,N,KUNDER UNDER 18 ÅR                 ,N,N,N,N,N,N,N,N,N,N,N
4519,19021624740,P,00105,Luisa Viktors                      ,Mahamud                            ,N,N,N,J,N,KUNDER UNDER 18 ÅR                 ,N,N,N,N,N,N,N,N,N,N,N
4519,09091621905,P,00102,Boye Mina                          ,Slettebø                           ,N,N,N,J,N,KUNDER UNDER 18 ÅR                 ,N,N,N,N,N,N,N,N,N,N,N
4519,10010914790,P,00900,Jorge Susana                       ,Thompson                           ,N,N,N,J,N,KUNDER UNDER 18 ÅR                 ,N,N,N,N,N,N,N,N,N,N,N
4519,14040719157,P,00800,Nancy Stuart                       ,Åsland                             ,N,N,N,J,N,KUNDER UNDER 18 ÅR                 ,N,N,N,N,N,N,N,N,N,N,N
4519,01081431015,P,01200,Ramunas Paula                      ,Gill                               ,N,N,N,J,N,KUNDER UNDER 18 ÅR                 ,N,N,N,N,N,N,N,N,N,N,N
4519,15100616863,P,00800,Oskar Solveig                      ,Sæterbø                            ,N,N,N,J,N,KUNDER UNDER 18 ÅR                 ,N,N,N,N,N,N,N,N,N,N,N
4519,18100638726,P,01200,Stella Erik                        ,Sandvold                           ,N,J,N,J,N,KUNDER UNDER 18 ÅR                 ,N,N,N,N,N,N,N,N,N,N,N
4519,03091426764,P,01200,Trude Sturle                       ,Osmundsen                          ,N,N,N,J,N,KUNDER UNDER 18 ÅR                 ,N,N,N,N,N,N,N,N,N,N,N
4519,20110828935,P,00900,Janet Styrk                        ,Fuglem                             ,N,N,N,J,N,KUNDER UNDER 18 ÅR                 ,N,N,N,N,N,N,N,N,N,N,N
4519,29081204258,P,00102,Kornelia Wiktor                    ,Opsal                              ,N,N,N,J,N,KUNDER UNDER 18 ÅR                 ,N,N,N,N,N,N,N,N,N,N,N
4519,26060611474,P,00900,Grazyna Fridtjov                   ,Gaustad                            ,N,N,N,J,N,KUNDER UNDER 18 ÅR                 ,N,N,N,N,N,N,N,N,N,N,N
4519,11101068945,P,00900,Sylwia Tollef                      ,Nylund                             ,N,N,N,J,N,KUNDER UNDER 18 ÅR                 ,N,N,N,N,N,N,N,N,N,N,N
4519,30031028848,P,00900,Valter Rutt                        ,Said                               ,N,N,N,J,N,KUNDER UNDER 18 ÅR                 ,N,N,N,N,N,N,N,N,N,N,N
4519,09081314613,P,01200,Petr Anne-Karin                    ,Vo                                 ,N,N,N,J,N,KUNDER UNDER 18 ÅR                 ,N,N,N,N,N,N,N,N,N,N,N
4519,29040859347,P,00102,Ernestas Leni                      ,Tahir                              ,N,N,N,J,N,KUNDER UNDER 18 ÅR                 ,N,N,N,N,N,N,N,N,N,N,N
4519,27111009142,P,01200,Knut-Erik Inger-Johanne            ,Mahamud                            ,N,N,N,J,N,KUNDER UNDER 18 ÅR                 ,N,N,N,N,N,N,N,N,N,N,N
4519,19120804505,P,01200,Søren Rakel                        ,Guldberg                           ,N,N,N,J,N,KUNDER UNDER 18 ÅR                 ,N,N,N,N,N,N,N,N,N,N,N
4519,15051339247,P,00900,Lars-Kristian Rima                 ,Engebretsen                        ,N,N,N,J,N,KUNDER UNDER 18 ÅR                 ,N,N,N,N,N,N,N,N,N,N,N
4519,13011102543,P,00800,Gordon Milena                      ,Utheim                             ,N,N,N,J,N,KUNDER UNDER 18 ÅR                 ,N,N,N,N,N,N,N,N,N,N,N
4519,22091435784,P,00900,Margareth Sturla                   ,Opheim                             ,N,N,N,J,N,KUNDER UNDER 18 ÅR                 ,N,N,N,N,N,N,N,N,N,N,N
4519,16020923702,P,01200,Luz Stig                           ,Miller                             ,N,N,N,J,N,KUNDER UNDER 18 ÅR                 ,N,N,N,N,N,N,N,N,N,N,N
4519,29120723373,P,00102,Vebjørn Enid                       ,Aarsand                            ,N,N,N,J,N,KUNDER UNDER 18 ÅR                 ,N,N,N,N,N,N,N,N,N,N,N
4519,17101116360,P,00900,Glen Kaia                          ,Kleiven                            ,N,N,N,J,N,KUNDER UNDER 18 ÅR                 ,N,N,N,N,N,N,N,N,N,N,N
4519,15030766900,P,01200,Tarjei Kamila                      ,Valberg                            ,N,N,N,J,N,KUNDER UNDER 18 ÅR                 ,N,N,N,N,N,N,N,N,N,N,N
4519,08100773326,P,00102,Carina Irfan                       ,Klepp                              ,N,N,N,J,N,KUNDER UNDER 18 ÅR                 ,N,N,N,N,N,N,N,N,N,N,N
4519,07050953224,P,00102,Eilin Wiktor                       ,Meidell                            ,N,N,N,J,N,KUNDER UNDER 18 ÅR                 ,N,N,N,N,N,N,N,N,N,N,N
4519,12080825968,P,00102,Rodney Runhild                     ,Røise                              ,N,N,N,J,N,KUNDER UNDER 18 ÅR                 ,N,N,N,N,N,N,N,N,N,N,N
4519,25030604469,P,00800,Marion Laimonas                    ,Silva                              ,N,N,N,J,N,KUNDER UNDER 18 ÅR                 ,N,N,N,N,N,N,N,N,N,N,N
4519,11011026259,P,00900,Harald Ifrah                       ,Fagerheim                          ,N,N,N,J,N,KUNDER UNDER 18 ÅR                 ,N,N,N,N,N,N,N,N,N,N,N
4519,23060951985,P,00102,Julianne Dmitri                    ,Toresen                            ,N,N,N,J,N,KUNDER UNDER 18 ÅR                 ,N,N,N,N,N,N,N,N,N,N,N
4519,28061263189,P,00102,Erland Shazia                      ,Kristiansen                        ,N,N,N,J,N,KUNDER UNDER 18 ÅR                 ,N,N,N,N,N,N,N,N,N,N,N
4519,18061306613,P,00800,Ingo Giske                         ,Grønberg                           ,N,N,N,J,N,KUNDER UNDER 18 ÅR                 ,N,N,N,N,N,N,N,N,N,N,N
4519,12060960478,P,00102,Fillip Jessica                     ,Moldskred                          ,N,N,N,J,N,KUNDER UNDER 18 ÅR                 ,N,N,N,N,N,N,N,N,N,N,N
4519,09101328888,P,00102,Balder Ambjørg                     ,Rustad                             ,N,N,N,J,N,KUNDER UNDER 18 ÅR                 ,N,N,N,N,N,N,N,N,N,N,N
4519,05121323410,P,00900,Lilian Nabil                       ,Kolstø                             ,N,N,N,J,N,KUNDER UNDER 18 ÅR                 ,N,N,N,N,N,N,N,N,N,N,N
4519,15071365899,P,01200,Josephine Vegar                    ,Risøy                              ,N,N,N,J,N,KUNDER UNDER 18 ÅR                 ,N,N,N,N,N,N,N,N,N,N,N
4519,04111417038,P,01200,Asif Torun                         ,Williams                           ,N,N,N,J,N,KUNDER UNDER 18 ÅR                 ,N,N,N,N,N,N,N,N,N,N,N
4519,29101327602,P,00900,Alicja Jorulf                      ,Vestre                             ,N,N,N,J,N,KUNDER UNDER 18 ÅR                 ,N,N,N,N,N,N,N,N,N,N,N
4519,15061170852,P,01200,Giedre Mirza                       ,Paulsen                            ,N,N,N,J,N,KUNDER UNDER 18 ÅR                 ,N,N,N,N,N,N,N,N,N,N,N
4519,07071117094,P,00102,Olga Ingvald                       ,Sæternes                           ,N,N,N,J,N,KUNDER UNDER 18 ÅR                 ,N,N,N,N,N,N,N,N,N,N,N
4519,11031226270,P,00102,Jurgita Maciej                     ,Hagen                              ,N,N,N,J,N,KUNDER UNDER 18 ÅR                 ,N,N,N,N,N,N,N,N,N,N,N
4519,10070820841,P,01200,Robertas Eileen                    ,Heggernes                          ,N,N,N,J,N,KUNDER UNDER 18 ÅR                 ,N,N,N,N,N,N,N,N,N,N,N
4519,17051428218,P,00102,Asif Anne-Merete                   ,Tandberg                           ,N,N,N,J,N,KUNDER UNDER 18 ÅR                 ,N,N,N,N,N,N,N,N,N,N,N
4519,30090826715,P,00102,Eli Boye                           ,Saur                               ,N,N,N,J,N,KUNDER UNDER 18 ÅR                 ,N,N,N,N,N,N,N,N,N,N,N
4519,15061162205,P,00800,Bushra Kato                        ,Winther                            ,N,N,N,J,N,KUNDER UNDER 18 ÅR                 ,N,N,N,N,N,N,N,N,N,N,N
4519,01041302344,P,01200,Ingunn Eduard                      ,Bruland                            ,N,N,N,J,N,KUNDER UNDER 18 ÅR                 ,N,N,N,N,N,N,N,N,N,N,N
4519,04050807709,P,00102,Isaac Anne-Lill                    ,Hausken                            ,N,N,N,J,N,KUNDER UNDER 18 ÅR                 ,N,N,N,N,N,N,N,N,N,N,N
4519,02060875335,P,00102,Oscar Saida                        ,Svensson                           ,N,N,N,J,N,KUNDER UNDER 18 ÅR                 ,N,N,N,N,N,N,N,N,N,N,N
4519,27120823235,P,00800,Noel Carina                        ,Hermann                            ,N,N,N,J,N,KUNDER UNDER 18 ÅR                 ,N,N,N,N,N,N,N,N,N,N,N
4519,24071222973,P,00800,Lotta Dovydas                      ,Vestly                             ,N,N,N,J,N,KUNDER UNDER 18 ÅR                 ,N,N,N,N,N,N,N,N,N,N,N
4519,23021318531,P,00800,Sol Odd-Arne                       ,Meyer                              ,N,N,N,J,N,KUNDER UNDER 18 ÅR                 ,N,N,N,N,N,N,N,N,N,N,N
4519,25090860081,P,01200,Asle Susann                        ,Finnesand                          ,N,N,N,J,N,KUNDER UNDER 18 ÅR                 ,N,N,N,N,N,N,N,N,N,N,N
4519,03041112777,P,00800,Bente Eigil                        ,Nordstrøm                          ,N,N,N,J,N,KUNDER UNDER 18 ÅR                 ,N,N,N,N,N,N,N,N,N,N,N
4519,26101476927,P,01200,Haldis Mantas                      ,Eikrem                             ,N,N,N,J,N,KUNDER UNDER 18 ÅR                 ,N,N,N,N,N,N,N,N,N,N,N
4519,30121320149,P,00800,Lars-Kristian Zeynep               ,Austad                             ,N,N,N,J,N,KUNDER UNDER 18 ÅR                 ,N,N,N,N,N,N,N,N,N,N,N
4519,27010624997,P,00102,Benn Nora                          ,Rørtveit                           ,N,N,N,J,N,KUNDER UNDER 18 ÅR                 ,N,N,N,N,N,N,N,N,N,N,N
4519,15051205801,P,01200,Runi Mladen                        ,Lothe                              ,N,N,N,J,N,KUNDER UNDER 18 ÅR                 ,N,N,N,N,N,N,N,N,N,N,N
4519,26051607715,P,00102,Toini Torbjørn                     ,Melhus                             ,N,N,N,J,N,KUNDER UNDER 18 ÅR                 ,N,N,N,N,N,N,N,N,N,N,N
4519,31070627364,P,00102,Lars-Kristian Toril                ,Nesvik                             ,N,N,N,J,N,KUNDER UNDER 18 ÅR                 ,N,N,N,N,N,N,N,N,N,N,N
4519,24081610106,P,00102,Ingebjørg Dean                     ,Frisvold                           ,N,N,N,J,N,KUNDER UNDER 18 ÅR                 ,N,N,N,N,N,N,N,N,N,N,N
4519,11060722295,P,00102,Alena Mieczyslaw                   ,Aarsand                            ,N,N,N,J,N,KUNDER UNDER 18 ÅR                 ,N,N,N,N,N,N,N,N,N,N,N
4519,04060905113,P,00800,Mehmed Ingerd                      ,Pleym                              ,N,N,N,J,N,KUNDER UNDER 18 ÅR                 ,N,N,N,N,N,N,N,N,N,N,N
4519,11071316108,P,01200,Andrius Isabell                    ,Molund                             ,N,N,N,J,N,KUNDER UNDER 18 ÅR                 ,N,N,N,N,N,N,N,N,N,N,N
4519,05020929482,P,01200,Zdzislaw Halina                    ,Sundgot                            ,N,N,N,J,N,KUNDER UNDER 18 ÅR                 ,N,N,N,N,N,N,N,N,N,N,N
4519,16050618149,P,01200,Hazel Thorleif                     ,Trøen                              ,N,N,N,J,N,KUNDER UNDER 18 ÅR                 ,N,N,N,N,N,N,N,N,N,N,N
4519,30091317318,P,01200,Timothy Hulda                      ,Heggedal                           ,N,N,N,J,N,KUNDER UNDER 18 ÅR                 ,N,N,N,N,N,N,N,N,N,N,N
4519,12100790503,P,00800,Iselin Emilio                      ,Ågotnes                            ,J,N,N,J,N,KUNDER UNDER 18 ÅR                 ,N,N,N,N,N,N,N,N,N,N,N
4519,09020705873,P,00102,Tadeusz Ramona                     ,Smedsrud                           ,J,N,N,J,N,KUNDER UNDER 18 ÅR                 ,N,N,N,N,N,N,N,N,N,N,N
4519,05060719367,P,00102,Halina Styrk                       ,Stormoen                           ,N,N,N,J,N,KUNDER UNDER 18 ÅR                 ,N,N,N,N,N,N,N,N,N,N,N
4519,23101222004,P,00900,Aadne Anne-Kari                    ,Borsheim                           ,N,N,N,J,N,KUNDER UNDER 18 ÅR                 ,N,N,N,N,N,N,N,N,N,N,N
4519,12030930752,P,00800,Mogens Marith                      ,Fiske                              ,N,N,N,J,N,KUNDER UNDER 18 ÅR                 ,N,N,N,N,N,N,N,N,N,N,N
4519,10081119517,P,00102,Ana Edward                         ,Gjøen                              ,N,N,N,J,N,KUNDER UNDER 18 ÅR                 ,N,N,N,N,N,N,N,N,N,N,N
4519,14081300624,P,00102,Thale Duy                          ,Buene                              ,N,N,N,J,N,KUNDER UNDER 18 ÅR                 ,N,N,N,N,N,N,N,N,N,N,N
4519,29120716024,P,00800,Juan Amina                         ,Nerdal                             ,N,N,N,J,N,KUNDER UNDER 18 ÅR                 ,N,N,N,N,N,N,N,N,N,N,N
4519,20100730368,P,00900,Pablo Kjersti                      ,Høgset                             ,N,N,N,J,N,KUNDER UNDER 18 ÅR                 ,N,N,N,N,N,N,N,N,N,N,N
4519,22110807922,P,01200,Halldis Emilio                     ,Nordanger                          ,N,N,N,J,N,KUNDER UNDER 18 ÅR                 ,N,N,N,N,N,N,N,N,N,N,N
4519,31081475000,P,01200,Olle Herborg                       ,Hovden                             ,N,N,N,J,N,KUNDER UNDER 18 ÅR                 ,N,N,N,N,N,N,N,N,N,N,N
4519,29121303130,P,00102,Jorge Irina                        ,Forseth                            ,N,N,N,J,N,KUNDER UNDER 18 ÅR                 ,N,N,N,N,N,N,N,N,N,N,N
4519,09101207533,P,01200,Helena Alex                        ,Steinnes                           ,N,N,N,J,N,KUNDER UNDER 18 ÅR                 ,N,N,N,N,N,N,N,N,N,N,N
4519,25060629431,P,00900,Yassin Catrine                     ,Brænden                            ,N,N,N,J,N,KUNDER UNDER 18 ÅR                 ,N,N,N,N,N,N,N,N,N,N,N
4519,09121179390,P,00102,Tuva Lars-Erik                     ,Sønstebø                           ,N,N,N,J,N,KUNDER UNDER 18 ÅR                 ,N,N,N,N,N,N,N,N,N,N,N
4519,19070912670,P,00900,Joy Ted                            ,Høie                               ,N,N,N,J,N,KUNDER UNDER 18 ÅR                 ,N,N,N,N,N,N,N,N,N,N,N
4519,10060620143,P,01200,Palma Thorleif                     ,Schanche                           ,N,N,N,J,N,KUNDER UNDER 18 ÅR                 ,N,N,N,N,N,N,N,N,N,N,N
4519,08120960823,P,00900,Ingvild Johnny                     ,Kleiven                            ,N,N,N,J,N,KUNDER UNDER 18 ÅR                 ,N,N,N,N,N,N,N,N,N,N,N
4519,21061523046,P,00800,Darius Mia                         ,Gulli                              ,N,N,N,J,N,KUNDER UNDER 18 ÅR                 ,N,N,N,N,N,N,N,N,N,N,N
4519,12021602165,P,01200,Samina Leiv                        ,Hallan                             ,N,N,N,J,N,KUNDER UNDER 18 ÅR                 ,N,N,N,N,N,N,N,N,N,N,N
4519,25061126751,P,01200,Anstein Klara                      ,Dyrnes                             ,N,N,N,J,N,KUNDER UNDER 18 ÅR                 ,N,N,N,N,N,N,N,N,N,N,N
4519,26031002167,P,01200,Elna Edward                        ,Moldskred                          ,N,N,N,J,N,KUNDER UNDER 18 ÅR                 ,N,N,N,N,N,N,N,N,N,N,N
4519,02101112201,P,00102,Wenke Tristan                      ,Botten                             ,J,N,N,J,N,KUNDER UNDER 18 ÅR                 ,N,N,N,N,N,N,N,N,N,N,N
4519,03110615506,P,00102,Antonie Stein-Erik                 ,Englund                            ,N,N,N,J,N,KUNDER UNDER 18 ÅR                 ,N,N,N,N,N,N,N,N,N,N,N
4519,28021019943,P,00800,Betsy Francisco                    ,Nysæter                            ,N,N,N,J,N,KUNDER UNDER 18 ÅR                 ,N,N,N,N,N,N,N,N,N,N,N
4519,16011390041,P,00800,Hani Hans-Christian                ,Fadnes                             ,N,N,N,J,N,KUNDER UNDER 18 ÅR                 ,N,N,N,N,N,N,N,N,N,N,N
4519,17110736282,P,00102,Yosef Gunnlaug                     ,Lockert                            ,N,N,N,J,N,KUNDER UNDER 18 ÅR                 ,N,N,N,N,N,N,N,N,N,N,N
4519,27090978824,P,01200,Julio Silvia                       ,Sundgot                            ,N,N,N,J,N,KUNDER UNDER 18 ÅR                 ,N,N,N,N,N,N,N,N,N,N,N
4519,23070941155,P,00102,Mateusz Ragni                      ,Brobakken                          ,N,N,N,J,N,KUNDER UNDER 18 ÅR                 ,N,N,N,N,N,N,N,N,N,N,N
4519,28070956766,P,00900,Hroar Ingrun                       ,Rashid                             ,N,N,N,J,N,KUNDER UNDER 18 ÅR                 ,N,N,N,N,N,N,N,N,N,N,N
4519,01090834289,P,00800,Edward Rina                        ,Georgsen                           ,N,N,N,J,N,KUNDER UNDER 18 ÅR                 ,N,N,N,N,N,N,N,N,N,N,N
4519,03081406315,P,00102,Rebecka Alex                       ,Ringnes                            ,N,N,N,J,N,KUNDER UNDER 18 ÅR                 ,N,N,N,N,N,N,N,N,N,N,N
4519,22041128775,P,01200,Anne-Margrethe Kolbein             ,Bruvik                             ,N,N,N,J,N,KUNDER UNDER 18 ÅR                 ,N,N,N,N,N,N,N,N,N,N,N
4519,17101101916,P,00900,Ramune Herleif                     ,Zahl                               ,N,N,N,J,N,KUNDER UNDER 18 ÅR                 ,N,N,N,N,N,N,N,N,N,N,N
4519,08021123871,P,00102,Nour Edward                        ,Bjørheim                           ,N,N,N,J,N,KUNDER UNDER 18 ÅR                 ,N,N,N,N,N,N,N,N,N,N,N
4519,28100680000,P,00800,Olle Øygunn                        ,Magerøy                            ,N,N,N,J,N,KUNDER UNDER 18 ÅR                 ,N,N,N,N,N,N,N,N,N,N,N
4519,22080751218,P,00102,Alexandre Enya                     ,Wolff                              ,J,N,N,J,N,KUNDER UNDER 18 ÅR                 ,N,N,N,N,N,N,N,N,N,N,N
4519,22061405473,P,01200,Zara Sindre                        ,Krasniqi                           ,N,N,N,J,N,KUNDER UNDER 18 ÅR                 ,N,N,N,N,N,N,N,N,N,N,N
4519,24050925524,P,00102,Oscar Eline                        ,Fagerheim                          ,N,N,N,J,N,KUNDER UNDER 18 ÅR                 ,N,N,N,N,N,N,N,N,N,N,N
4519,26040702155,P,00900,Unn Stein-Erik                     ,Berg                               ,N,N,N,J,N,KUNDER UNDER 18 ÅR                 ,N,N,N,N,N,N,N,N,N,N,N
4519,24011317444,P,00900,Gunn Umar                          ,Wille                              ,N,N,N,J,N,KUNDER UNDER 18 ÅR                 ,N,N,N,N,N,N,N,N,N,N,N
4519,18110929761,P,00102,Vibekke Frank                      ,Strandberg                         ,N,N,N,J,N,KUNDER UNDER 18 ÅR                 ,N,N,N,N,N,N,N,N,N,N,N
4519,22101118952,P,00102,Huda Torgny                        ,Isdal                              ,N,N,N,J,N,KUNDER UNDER 18 ÅR                 ,N,N,N,N,N,N,N,N,N,N,N
4519,03071516570,P,00102,Gordana Rachid                     ,Raa                                ,N,N,N,J,N,KUNDER UNDER 18 ÅR                 ,N,N,N,N,N,N,N,N,N,N,N
4519,24091063332,P,00800,Marta Thor-Arne                    ,Nielsen                            ,N,N,N,J,N,KUNDER UNDER 18 ÅR                 ,N,N,N,N,N,N,N,N,N,N,N
4519,13070838421,P,01200,Ann-Kristin Nils-Petter            ,Nordang                            ,N,N,N,J,N,KUNDER UNDER 18 ÅR                 ,N,N,N,N,N,N,N,N,N,N,N
4519,24050700751,P,01200,Mette Pieter                       ,Pilskog                            ,N,N,N,J,N,KUNDER UNDER 18 ÅR                 ,N,N,N,N,N,N,N,N,N,N,N
4519,15091059794,P,00102,Steven Melisa                      ,Vevang                             ,N,N,N,J,N,KUNDER UNDER 18 ÅR                 ,N,N,N,N,N,N,N,N,N,N,N
4519,10031325620,P,00800,Nansy Varg                         ,Fjærli                             ,N,N,N,J,N,KUNDER UNDER 18 ÅR                 ,N,N,N,N,N,N,N,N,N,N,N
4519,19050703722,P,00800,Shirley Leon                       ,Malm                               ,J,N,N,J,N,KUNDER UNDER 18 ÅR                 ,N,N,N,N,N,N,N,N,N,N,N
4519,12100708491,P,01200,Anstein Gladys                     ,Hauge                              ,N,N,N,J,N,KUNDER UNDER 18 ÅR                 ,N,N,N,N,N,N,N,N,N,N,N
4519,19040657838,P,00800,May-Brit Pieter                    ,Nyhuus                             ,N,N,N,J,N,KUNDER UNDER 18 ÅR                 ,N,N,N,N,N,N,N,N,N,N,N
4519,15071068711,P,00102,Birgit Laimonas                    ,Sunde                              ,N,N,N,J,N,KUNDER UNDER 18 ÅR                 ,N,N,N,N,N,N,N,N,N,N,N
4519,17101038548,P,00102,Frode Amra                         ,Haakonsen                          ,N,N,N,J,N,KUNDER UNDER 18 ÅR                 ,N,N,N,N,N,N,N,N,N,N,N
4519,17051081404,P,00102,Urszula Maciej                     ,Løvberg                            ,N,N,N,J,N,KUNDER UNDER 18 ÅR                 ,N,N,N,N,N,N,N,N,N,N,N
4519,27020965199,P,00102,Magomed Josefine                   ,Bjune                              ,N,N,N,J,N,KUNDER UNDER 18 ÅR                 ,N,N,N,N,N,N,N,N,N,N,N
4519,19031375838,P,01200,Donatas Raimonda                   ,Pollestad                          ,N,N,N,J,N,KUNDER UNDER 18 ÅR                 ,N,N,N,N,N,N,N,N,N,N,N
4519,05041316618,P,00900,Idun Alv                           ,Torp                               ,N,N,N,J,N,KUNDER UNDER 18 ÅR                 ,N,N,N,N,N,N,N,N,N,N,N
4519,14070733553,P,01200,Maret Styrk                        ,Ingebretsen                        ,N,N,N,J,N,KUNDER UNDER 18 ÅR                 ,N,N,N,N,N,N,N,N,N,N,N
4519,02120928549,P,00800,Ulrike Jann                        ,Vevang                             ,N,N,N,J,N,KUNDER UNDER 18 ÅR                 ,N,N,N,N,N,N,N,N,N,N,N
4519,27051505137,P,00800,Ulrika Folke                       ,Andorsen                           ,N,N,N,J,N,KUNDER UNDER 18 ÅR                 ,N,N,N,N,N,N,N,N,N,N,N
4519,29031584343,P,00102,Huda Kenneth                       ,Aarsand                            ,N,N,N,J,N,KUNDER UNDER 18 ÅR                 ,N,N,N,N,N,N,N,N,N,N,N
4519,13011380233,P,01200,Aneta Ben                          ,Grude                              ,N,N,N,J,N,KUNDER UNDER 18 ÅR                 ,N,N,N,N,N,N,N,N,N,N,N
4519,14060636347,P,00102,Anne-Karine Fernando               ,Bøe                                ,N,N,N,J,N,KUNDER UNDER 18 ÅR                 ,N,N,N,N,N,N,N,N,N,N,N
4519,28030818220,P,00102,Amer Wioleta                       ,Gunnestad                          ,N,N,N,J,N,KUNDER UNDER 18 ÅR                 ,N,N,N,N,N,N,N,N,N,N,N
4519,07111275089,P,01200,Henrik Martyna                     ,Solberg                            ,N,N,N,J,N,KUNDER UNDER 18 ÅR                 ,N,N,N,N,N,N,N,N,N,N,N
4519,02011307623,P,01200,Katrin Pieter                      ,Hjelmeland                         ,N,N,N,J,N,KUNDER UNDER 18 ÅR                 ,N,N,N,N,N,N,N,N,N,N,N
4519,16031417604,P,00102,Sina Sture                         ,Bertheussen                        ,N,N,N,J,N,KUNDER UNDER 18 ÅR                 ,N,N,N,N,N,N,N,N,N,N,N
4519,11021624243,P,00800,Tilla Jack                         ,Vevang                             ,N,N,N,J,N,KUNDER UNDER 18 ÅR                 ,N,N,N,N,N,N,N,N,N,N,N
4519,12070707347,P,00102,Dumitru Danielle                   ,Langli                             ,N,N,N,J,N,KUNDER UNDER 18 ÅR                 ,N,N,N,N,N,N,N,N,N,N,N
4519,16071218507,P,01200,Glen Ingela                        ,Stensby                            ,N,N,N,J,N,KUNDER UNDER 18 ÅR                 ,N,N,N,N,N,N,N,N,N,N,N
4519,19030622106,P,00102,Carine Danny                       ,Tiller                             ,N,N,N,J,N,KUNDER UNDER 18 ÅR                 ,N,N,N,N,N,N,N,N,N,N,N
4519,04120634343,P,00900,Lajla Gudbrand                     ,Kolbjørnsen                        ,N,N,N,J,N,KUNDER UNDER 18 ÅR                 ,N,N,N,N,N,N,N,N,N,N,N
4519,25050807951,P,00900,Mindor Anneline                    ,Lilleby                            ,N,N,N,J,N,KUNDER UNDER 18 ÅR                 ,N,N,N,N,N,N,N,N,N,N,N
4519,01120618594,P,00102,Edward Borghild                    ,Skjeggestad                        ,J,N,N,J,N,KUNDER UNDER 18 ÅR                 ,N,N,N,N,N,N,N,N,N,N,N
4519,07010862765,P,00900,Yohannes Drude                     ,Sørhus                             ,N,N,N,J,N,KUNDER UNDER 18 ÅR                 ,N,N,N,N,N,N,N,N,N,N,N
4519,06100721161,P,00102,Torolf Beata                       ,Løvberg                            ,N,N,N,J,N,KUNDER UNDER 18 ÅR                 ,N,N,N,N,N,N,N,N,N,N,N
4519,21121075811,P,01200,Elliot Hilde-Gunn                  ,Djønne                             ,N,N,N,J,N,KUNDER UNDER 18 ÅR                 ,N,N,N,N,N,N,N,N,N,N,N
4519,19090918411,P,01200,Yosef Agnete                       ,Homme                              ,N,N,N,J,N,KUNDER UNDER 18 ÅR                 ,N,N,N,N,N,N,N,N,N,N,N
4519,02010803678,P,00800,Oskar Matilde                      ,Bru                                ,N,N,N,J,N,KUNDER UNDER 18 ÅR                 ,N,N,N,N,N,N,N,N,N,N,N
4519,19061364628,P,00900,Kamil Ilse                         ,Nordberg                           ,N,N,N,J,N,KUNDER UNDER 18 ÅR                 ,N,N,N,N,N,N,N,N,N,N,N
4519,24041002774,P,00900,Sophie Laimonas                    ,Bruvik                             ,N,N,N,J,N,KUNDER UNDER 18 ÅR                 ,N,N,N,N,N,N,N,N,N,N,N
4519,26041527497,P,00102,Ib Izabela                         ,Lofthus                            ,J,N,N,J,N,KUNDER UNDER 18 ÅR                 ,N,N,N,N,N,N,N,N,N,N,N
4519,30061200033,P,00102,Karina Manuel                      ,Vallestad                          ,N,N,N,J,N,KUNDER UNDER 18 ÅR                 ,N,N,N,N,N,N,N,N,N,N,N
4519,21090825132,P,00800,Bartosz Rosemarie                  ,Khan                               ,N,N,N,J,N,KUNDER UNDER 18 ÅR                 ,N,N,N,N,N,N,N,N,N,N,N
4519,20091014409,P,00102,Jurate Tristan                     ,Åsheim                             ,N,N,N,J,N,KUNDER UNDER 18 ÅR                 ,N,N,N,N,N,N,N,N,N,N,N
4519,28050869875,P,00800,Steffan Lill-Tove                  ,Vevang                             ,N,N,N,J,N,KUNDER UNDER 18 ÅR                 ,N,N,N,N,N,N,N,N,N,N,N
4519,05090932901,P,00102,Embla Styrk                        ,Brunes                             ,N,N,N,J,N,KUNDER UNDER 18 ÅR                 ,N,N,N,N,N,N,N,N,N,N,N
4519,27011728605,P,06008,Sissel Sturle                      ,Mehlum                             ,N,N,N,J,N,KUNDER UNDER 18 ÅR                 ,N,N,N,N,N,N,N,N,N,N,N
4519,06121109172,P,00102,Enid Julio                         ,Hovden                             ,N,N,N,J,N,KUNDER UNDER 18 ÅR                 ,N,N,N,N,N,N,N,N,N,N,N
4519,27040934044,P,00800,Ariana Rytis                       ,Warsame                            ,N,N,N,J,N,KUNDER UNDER 18 ÅR                 ,N,N,N,N,N,N,N,N,N,N,N
4519,04041130216,P,00900,Birgitta Helmer                    ,Bjørheim                           ,N,N,N,J,N,KUNDER UNDER 18 ÅR                 ,N,N,N,N,N,N,N,N,N,N,N
4519,03010707446,P,00900,Milica Rytis                       ,Hval                               ,N,N,N,J,N,KUNDER UNDER 18 ÅR                 ,N,N,N,N,N,N,N,N,N,N,N
4519,01010817370,P,01200,Berge Ragnfrid                     ,Vaksdal                            ,N,N,N,J,N,KUNDER UNDER 18 ÅR                 ,N,N,N,N,N,N,N,N,N,N,N
4519,20021100243,P,00800,Wibeke Romas                       ,Sleire                             ,N,N,N,J,N,KUNDER UNDER 18 ÅR                 ,N,N,N,N,N,N,N,N,N,N,N
4519,29050612285,P,00102,Karstein Sylwia                    ,Malmin                             ,N,N,N,J,N,KUNDER UNDER 18 ÅR                 ,N,N,N,N,N,N,N,N,N,N,N
4519,07050901038,P,00102,Karstein Anne-Mari                 ,Steinnes                           ,N,N,N,J,N,KUNDER UNDER 18 ÅR                 ,N,N,N,N,N,N,N,N,N,N,N
4519,02091005770,P,01200,Szymon Ethel                       ,Berland                            ,N,N,N,J,N,KUNDER UNDER 18 ÅR                 ,N,N,N,N,N,N,N,N,N,N,N
4519,12060922185,P,00102,Karstein Margot                    ,Simonsen                           ,N,N,N,J,N,KUNDER UNDER 18 ÅR                 ,N,N,N,N,N,N,N,N,N,N,N
4519,20051301391,P,00102,Mindor Ingveig                     ,Veum                               ,N,N,N,J,N,KUNDER UNDER 18 ÅR                 ,N,N,N,N,N,N,N,N,N,N,N
4519,15041221906,P,00102,Danuta Rytis                       ,Elvestad                           ,N,N,N,J,N,KUNDER UNDER 18 ÅR                 ,N,N,N,N,N,N,N,N,N,N,N
4519,03100856130,P,00900,Mille Leiv                         ,Stokland                           ,N,N,N,J,N,KUNDER UNDER 18 ÅR                 ,N,N,N,N,N,N,N,N,N,N,N
4519,17020719508,P,00102,Petr Ingveig                       ,Nerli                              ,N,N,N,J,N,KUNDER UNDER 18 ÅR                 ,N,N,N,N,N,N,N,N,N,N,N
4519,17031107709,P,00900,Frederick Eve                      ,Hoffmann                           ,N,N,N,J,N,KUNDER UNDER 18 ÅR                 ,N,N,N,N,N,N,N,N,N,N,N
4519,24070766821,P,01200,Oskar Solveig                      ,Trengereid                         ,N,N,N,J,N,KUNDER UNDER 18 ÅR                 ,N,N,N,N,N,N,N,N,N,N,N
4519,08041579367,P,01200,Frithjof Saga                      ,Brænden                            ,N,N,N,J,N,KUNDER UNDER 18 ÅR                 ,N,N,N,N,N,N,N,N,N,N,N
4519,15071357675,P,00800,Jeanette Nabil                     ,Skomedal                           ,N,N,N,J,N,KUNDER UNDER 18 ÅR                 ,N,N,N,N,N,N,N,N,N,N,N
4519,25041202664,P,00102,Maj Anstein                        ,Huseby                             ,N,N,N,J,N,KUNDER UNDER 18 ÅR                 ,N,N,N,N,N,N,N,N,N,N,N
4519,07080857971,P,00102,Dagfrid Ole-Marius                 ,Borge                              ,N,N,N,J,N,KUNDER UNDER 18 ÅR                 ,N,N,N,N,N,N,N,N,N,N,N
4519,05111502481,P,00102,Uno Une                            ,Johansson                          ,N,N,N,J,N,KUNDER UNDER 18 ÅR                 ,N,N,N,N,N,N,N,N,N,N,N
4519,22071120701,P,00800,Tore Roxana                        ,Magnusson                          ,N,N,N,J,N,KUNDER UNDER 18 ÅR                 ,N,N,N,N,N,N,N,N,N,N,N
4519,17071434672,P,01200,Wenke Tristan                      ,Sakariassen                        ,N,N,N,J,N,KUNDER UNDER 18 ÅR                 ,N,N,N,N,N,N,N,N,N,N,N
4519,03091031514,P,00900,Senad Josefine                     ,Stave                              ,N,N,N,J,N,KUNDER UNDER 18 ÅR                 ,N,N,N,N,N,N,N,N,N,N,N
4519,18040913102,P,00102,Torlaug Steingrim                  ,Valstad                            ,N,N,N,J,N,KUNDER UNDER 18 ÅR                 ,N,N,N,N,N,N,N,N,N,N,N
4519,10110925676,P,00102,Mindor Sollaug                     ,Toverud                            ,N,N,N,J,N,KUNDER UNDER 18 ÅR                 ,N,N,N,N,N,N,N,N,N,N,N
4519,27051225533,P,00102,Zaneta Sturla                      ,Wærnes                             ,N,N,N,J,N,KUNDER UNDER 18 ÅR                 ,N,N,N,N,N,N,N,N,N,N,N
4519,13061005387,P,00102,Hilde-Gunn Samuel                  ,Holberg                            ,N,N,N,J,N,KUNDER UNDER 18 ÅR                 ,N,N,N,N,N,N,N,N,N,N,N
4519,29071211345,P,00800,Olina Rachid                       ,Fjellanger                         ,N,N,N,J,N,KUNDER UNDER 18 ÅR                 ,N,N,N,N,N,N,N,N,N,N,N
4519,19031220583,P,01200,Brian Amalie                       ,Hognestad                          ,N,N,N,J,N,KUNDER UNDER 18 ÅR                 ,N,N,N,N,N,N,N,N,N,N,N
4519,27071170115,P,00102,Bergit Danny                       ,Korsvold                           ,N,N,N,J,N,KUNDER UNDER 18 ÅR                 ,N,N,N,N,N,N,N,N,N,N,N
4519,04090854130,P,00102,Knut-Erik Inger-Johanne            ,Meidell                            ,N,N,N,J,N,KUNDER UNDER 18 ÅR                 ,N,N,N,N,N,N,N,N,N,N,N
4519,18021037563,P,00800,Nataliya Dejan                     ,Eidem                              ,N,N,N,J,N,KUNDER UNDER 18 ÅR                 ,N,N,N,N,N,N,N,N,N,N,N
4519,26030901818,P,00900,Kristine Cesar                     ,Landrø                             ,N,N,N,J,N,KUNDER UNDER 18 ÅR                 ,N,N,N,N,N,N,N,N,N,N,N
4519,10091162119,P,00102,Ragni Jorulf                       ,Le                                 ,J,N,N,J,N,KUNDER UNDER 18 ÅR                 ,N,N,N,N,N,N,N,N,N,N,N
4519,24050716909,P,01200,Pablo Vilde                        ,Klaussen                           ,N,N,N,J,N,KUNDER UNDER 18 ÅR                 ,N,N,N,N,N,N,N,N,N,N,N
4519,09120808203,P,00900,Oluf Solveig                       ,Tiller                             ,N,N,N,J,N,KUNDER UNDER 18 ÅR                 ,N,N,N,N,N,N,N,N,N,N,N
4519,31121179663,P,00900,Lill-Ann Irfan                     ,Tonheim                            ,N,N,N,J,N,KUNDER UNDER 18 ÅR                 ,N,N,N,N,N,N,N,N,N,N,N
4519,11101126813,P,00900,Amanda Egon                        ,Aga                                ,N,N,N,J,N,KUNDER UNDER 18 ÅR                 ,N,N,N,N,N,N,N,N,N,N,N
4519,15060876611,P,00900,Mathilde Biniam                    ,Ekeland                            ,N,N,N,J,N,KUNDER UNDER 18 ÅR                 ,N,N,N,N,N,N,N,N,N,N,N
4519,23051221656,P,00102,Sima Johnny                        ,Svendsen                           ,N,N,N,J,N,KUNDER UNDER 18 ÅR                 ,N,N,N,N,N,N,N,N,N,N,N
4519,12120619479,P,00900,Teodor Åse                         ,Petterson                          ,N,N,N,J,N,KUNDER UNDER 18 ÅR                 ,N,N,N,N,N,N,N,N,N,N,N
4519,21070911431,P,00102,Werner Bjarnhild                   ,Voll                               ,N,N,N,J,N,KUNDER UNDER 18 ÅR                 ,N,N,N,N,N,N,N,N,N,N,N
4519,30051017052,P,00102,Morteza Herlaug                    ,Stave                              ,N,N,N,J,N,KUNDER UNDER 18 ÅR                 ,N,N,N,N,N,N,N,N,N,N,N
4519,12101479380,P,01200,Tommy Carolina                     ,Fjærli                             ,N,N,N,J,N,KUNDER UNDER 18 ÅR                 ,N,N,N,N,N,N,N,N,N,N,N
4519,20090916883,P,00102,Sajjad Kristin                     ,Smedsrud                           ,J,N,N,J,N,KUNDER UNDER 18 ÅR                 ,N,N,N,N,N,N,N,N,N,N,N
4519,21121012798,P,00102,Jolita Viktors                     ,Miljeteig                          ,N,N,N,J,N,KUNDER UNDER 18 ÅR                 ,N,N,N,N,N,N,N,N,N,N,N
4519,18110702201,P,00900,Nerijus Venche                     ,Ruud                               ,N,N,N,J,N,KUNDER UNDER 18 ÅR                 ,N,N,N,N,N,N,N,N,N,N,N
4519,14081115460,P,00800,Brit Istvan                        ,Torbergsen                         ,N,N,N,J,N,KUNDER UNDER 18 ÅR                 ,N,N,N,N,N,N,N,N,N,N,N
4519,27021305397,P,00102,Brenda Kenny                       ,Sundberg                           ,N,N,N,J,N,KUNDER UNDER 18 ÅR                 ,N,N,N,N,N,N,N,N,N,N,N
4519,09061614858,P,01200,Torolf Jurate                      ,Refsland                           ,N,N,N,J,N,KUNDER UNDER 18 ÅR                 ,N,N,N,N,N,N,N,N,N,N,N
4519,28050714510,P,00102,Mogens Othelie                     ,Figenschau                         ,N,N,N,J,N,KUNDER UNDER 18 ÅR                 ,N,N,N,N,N,N,N,N,N,N,N
4519,03101114413,P,00900,Linh Sinisa                        ,Tahir                              ,N,N,N,J,N,KUNDER UNDER 18 ÅR                 ,N,N,N,N,N,N,N,N,N,N,N
4519,15081123109,P,00900,Kristofer Kristianne               ,Bjønnes                            ,N,N,N,J,N,KUNDER UNDER 18 ÅR                 ,N,N,N,N,N,N,N,N,N,N,N
4519,01050704714,P,00102,Nour Saad                          ,Monstad                            ,N,N,N,J,N,KUNDER UNDER 18 ÅR                 ,N,N,N,N,N,N,N,N,N,N,N
4519,12080831232,P,00102,Rana Ion                           ,Hepsø                              ,N,N,N,J,N,KUNDER UNDER 18 ÅR                 ,N,N,N,N,N,N,N,N,N,N,N
4519,02120832215,P,00800,Galina Stein-Erik                  ,Granås                             ,N,N,N,J,N,KUNDER UNDER 18 ÅR                 ,N,N,N,N,N,N,N,N,N,N,N
4519,30010902769,P,00102,Pablo Solvor                       ,Toverud                            ,N,N,N,J,N,KUNDER UNDER 18 ÅR                 ,N,N,N,N,N,N,N,N,N,N,N
4519,23121201941,P,01200,Mahad Debora                       ,Lundberg                           ,N,N,N,J,N,KUNDER UNDER 18 ÅR                 ,N,N,N,N,N,N,N,N,N,N,N
4519,09021621703,P,00102,Sina Hallgeir                      ,Thorgersen                         ,N,N,N,J,N,KUNDER UNDER 18 ÅR                 ,N,N,N,N,N,N,N,N,N,N,N
4519,05021073190,P,00900,Sylva Sinisa                       ,Bøen                               ,N,N,N,J,N,KUNDER UNDER 18 ÅR                 ,N,N,N,N,N,N,N,N,N,N,N
4519,10010777963,P,01200,Gordon Erika                       ,Buan                               ,N,N,N,J,N,KUNDER UNDER 18 ÅR                 ,N,N,N,N,N,N,N,N,N,N,N
4519,01021227346,P,01200,Senad Peggy                        ,Djønne                             ,N,N,N,J,N,KUNDER UNDER 18 ÅR                 ,N,N,N,N,N,N,N,N,N,N,N
4519,21110718133,P,01200,Gregor Mirela                      ,Storsve                            ,N,N,N,J,N,KUNDER UNDER 18 ÅR                 ,N,N,N,N,N,N,N,N,N,N,N
4519,03041402767,P,00102,Elsebeth Henri                     ,Husøy                              ,N,N,N,J,N,KUNDER UNDER 18 ÅR                 ,N,N,N,N,N,N,N,N,N,N,N
4519,28081017982,P,00102,Dødsbo Holger                      ,Vika                               ,N,N,N,J,N,KUNDER UNDER 18 ÅR                 ,N,N,N,N,N,N,N,N,N,N,N
4519,08010705682,P,00102,Raimonda Istvan                    ,Steinnes                           ,N,N,N,J,N,KUNDER UNDER 18 ÅR                 ,N,N,N,N,N,N,N,N,N,N,N
4519,13030675414,P,00102,Youssef Rahma                      ,Wærnes                             ,N,N,N,J,N,KUNDER UNDER 18 ÅR                 ,N,N,N,N,N,N,N,N,N,N,N
4519,02090856173,P,00102,Eivin Siv-Anita                    ,Olavesen                           ,N,N,N,J,N,KUNDER UNDER 18 ÅR                 ,N,N,N,N,N,N,N,N,N,N,N
4519,17071505146,P,00102,May-Kristin Joakim                 ,Madsen                             ,N,N,N,J,N,KUNDER UNDER 18 ÅR                 ,N,N,N,N,N,N,N,N,N,N,N
4519,13121316921,P,00102,Azra Steingrim                     ,Bredal                             ,N,N,N,J,N,KUNDER UNDER 18 ÅR                 ,N,N,N,N,N,N,N,N,N,N,N
4519,04080667642,P,01200,Nanny Jan-Inge                     ,Sakshaug                           ,N,N,N,J,N,KUNDER UNDER 18 ÅR                 ,N,N,N,N,N,N,N,N,N,N,N
4519,08020975300,P,00800,Marlen Jan-Olav                    ,Haraldseid                         ,N,N,N,J,N,KUNDER UNDER 18 ÅR                 ,N,N,N,N,N,N,N,N,N,N,N
4519,18080658814,P,00102,Torsten Susann                     ,Hatlevik                           ,N,N,N,J,N,KUNDER UNDER 18 ÅR                 ,N,N,N,N,N,N,N,N,N,N,N
4519,24071400383,P,01200,Frida Kaj                          ,Pettersson                         ,N,N,N,J,N,KUNDER UNDER 18 ÅR                 ,N,N,N,N,N,N,N,N,N,N,N
4519,31101222198,P,01200,Ravn Gerda                         ,Teig                               ,N,N,N,J,N,KUNDER UNDER 18 ÅR                 ,N,N,N,N,N,N,N,N,N,N,N
4519,31101137298,P,01200,Margrete Nikolai                   ,Nordby                             ,N,N,N,J,N,KUNDER UNDER 18 ÅR                 ,N,N,N,N,N,N,N,N,N,N,N
4519,01111216114,P,01200,Cathrin Frank                      ,Edvardsen                          ,N,N,N,J,N,KUNDER UNDER 18 ÅR                 ,N,N,N,N,N,N,N,N,N,N,N
4519,27101128305,P,00102,Franziska Aslan                    ,Øye                                ,N,N,N,J,N,KUNDER UNDER 18 ÅR                 ,N,N,N,N,N,N,N,N,N,N,N
4519,11071009159,P,00800,Fredrik Huong                      ,Ausland                            ,N,N,N,J,N,KUNDER UNDER 18 ÅR                 ,N,N,N,N,N,N,N,N,N,N,N
4519,25091126640,P,00102,Lin Frank                          ,Korsvik                            ,J,N,N,J,N,KUNDER UNDER 18 ÅR                 ,N,N,N,N,N,N,N,N,N,N,N
4519,03011219615,P,00102,Luisa Nicolae                      ,Trøen                              ,N,N,N,J,N,KUNDER UNDER 18 ÅR                 ,N,N,N,N,N,N,N,N,N,N,N
4519,16010718876,P,00102,Oscar Gretha                       ,Elnes                              ,N,N,N,J,N,KUNDER UNDER 18 ÅR                 ,N,N,N,N,N,N,N,N,N,N,N
4519,08101037046,P,00800,Thi Torgny                         ,Moldskred                          ,N,N,N,J,N,KUNDER UNDER 18 ÅR                 ,N,N,N,N,N,N,N,N,N,N,N
4519,03090628355,P,01200,Søren Rakel                        ,Vangen                             ,N,N,N,J,N,KUNDER UNDER 18 ÅR                 ,N,N,N,N,N,N,N,N,N,N,N
4519,07061319632,P,00102,Christen Annelie                   ,Andresen                           ,J,N,N,J,N,KUNDER UNDER 18 ÅR                 ,N,N,N,N,N,N,N,N,N,N,N
4519,26051521101,P,00800,Ingve Irmelin                      ,Høiberg                            ,N,N,N,J,N,KUNDER UNDER 18 ÅR                 ,N,N,N,N,N,N,N,N,N,N,N
4519,22120716909,P,00102,Bereket Bjørghild                  ,Haakonsen                          ,N,N,N,J,N,KUNDER UNDER 18 ÅR                 ,N,N,N,N,N,N,N,N,N,N,N
4519,08080618035,P,00102,Magda Dmitri                       ,Magnus                             ,N,N,N,J,N,KUNDER UNDER 18 ÅR                 ,N,N,N,N,N,N,N,N,N,N,N
4519,30071222140,P,01200,Jens Ylva                          ,Fylkesnes                          ,N,N,N,J,N,KUNDER UNDER 18 ÅR                 ,N,N,N,N,N,N,N,N,N,N,N
4519,07080923125,P,00900,Rannei Hans-Christian              ,Ugelstad                           ,N,N,N,J,N,KUNDER UNDER 18 ÅR                 ,N,N,N,N,N,N,N,N,N,N,N
4519,08050963226,P,04515,Paal Pernille                      ,Midttun                            ,N,N,N,J,N,KUNDER UNDER 18 ÅR                 ,N,N,N,N,N,N,N,N,N,N,N
4519,22111025928,P,00102,Elaine Bernt                       ,Bjørnsen                           ,N,N,N,J,N,KUNDER UNDER 18 ÅR                 ,N,N,N,N,N,N,N,N,N,N,N
4519,12061620816,P,01200,Rodrigo Tordis                     ,Sagen                              ,N,N,N,J,N,KUNDER UNDER 18 ÅR                 ,N,N,N,N,N,N,N,N,N,N,N
4519,08051120451,P,00102,Mario Maryna                       ,Lundgård                           ,N,N,N,J,N,KUNDER UNDER 18 ÅR                 ,N,N,N,N,N,N,N,N,N,N,N
4519,07030622833,P,01200,Audhild Babak                      ,Tveit                              ,N,N,N,J,N,KUNDER UNDER 18 ÅR                 ,N,N,N,N,N,N,N,N,N,N,N
4519,09061122300,P,00102,Fatma Thorgeir                     ,Fylling                            ,N,N,N,J,N,KUNDER UNDER 18 ÅR                 ,N,N,N,N,N,N,N,N,N,N,N
4519,08100730228,P,00800,Justyna Adem                       ,Hovden                             ,N,N,N,J,N,KUNDER UNDER 18 ÅR                 ,N,N,N,N,N,N,N,N,N,N,N
4519,26051132075,P,00900,Olle Asbjørg                       ,Vevang                             ,N,N,N,J,N,KUNDER UNDER 18 ÅR                 ,N,N,N,N,N,N,N,N,N,N,N
4519,21111611162,P,00900,Shabana Maciej                     ,Fure                               ,N,N,N,J,N,KUNDER UNDER 18 ÅR                 ,N,N,N,N,N,N,N,N,N,N,N
4519,03081268885,P,00102,Jurate Jann                        ,Hallan                             ,N,N,N,J,N,KUNDER UNDER 18 ÅR                 ,N,N,N,N,N,N,N,N,N,N,N
4519,15040857823,P,01200,Matilde Marius                     ,Westrum                            ,N,N,N,J,N,KUNDER UNDER 18 ÅR                 ,N,N,N,N,N,N,N,N,N,N,N
4519,01040903891,P,00800,Jytte Mantas                       ,Krosby                             ,N,N,N,J,N,KUNDER UNDER 18 ÅR                 ,N,N,N,N,N,N,N,N,N,N,N
4519,04021136420,P,00102,Ahmed Mina                         ,Fidjeland                          ,N,N,N,J,N,KUNDER UNDER 18 ÅR                 ,N,N,N,N,N,N,N,N,N,N,N
4519,14121308232,P,00800,Normann Mary-Ann                   ,Opsal                              ,N,N,N,J,N,KUNDER UNDER 18 ÅR                 ,N,N,N,N,N,N,N,N,N,N,N
4519,08020727609,P,00900,Petr Marith                        ,Kjærvik                            ,N,N,N,J,N,KUNDER UNDER 18 ÅR                 ,N,N,N,N,N,N,N,N,N,N,N
4519,12120914454,P,00102,Mateusz Inghild                    ,Ringstad                           ,N,N,N,J,N,KUNDER UNDER 18 ÅR                 ,N,N,N,N,N,N,N,N,N,N,N
4519,15080802045,P,01200,Thelma Syed                        ,Skogvold                           ,N,N,N,J,N,KUNDER UNDER 18 ÅR                 ,N,N,N,N,N,N,N,N,N,N,N
4519,20041053292,P,01200,Oddrun Angel                       ,Hellenes                           ,N,N,N,J,N,KUNDER UNDER 18 ÅR                 ,N,N,N,N,N,N,N,N,N,N,N
4519,23051328817,P,00102,Johan Catherine                    ,Balstad                            ,N,N,N,J,N,KUNDER UNDER 18 ÅR                 ,N,N,N,N,N,N,N,N,N,N,N
4519,17071177041,P,01200,Aurora Biniam                      ,Nepstad                            ,N,N,N,J,N,KUNDER UNDER 18 ÅR                 ,N,N,N,N,N,N,N,N,N,N,N
4519,25030823128,P,01200,Rodrigo Tiina                      ,Grinde                             ,N,N,N,J,N,KUNDER UNDER 18 ÅR                 ,N,N,N,N,N,N,N,N,N,N,N
4519,04110706397,P,00900,Fadumo Bjørge                      ,Juul                               ,N,N,N,J,N,KUNDER UNDER 18 ÅR                 ,N,N,N,N,N,N,N,N,N,N,N
4519,22121679373,P,00102,Rosa Sune                          ,Sæle                               ,N,N,N,J,N,KUNDER UNDER 18 ÅR                 ,N,N,N,N,N,N,N,N,N,N,N
4519,16120711826,P,01200,Heine Daisy                        ,Mjøen                              ,N,N,N,J,N,KUNDER UNDER 18 ÅR                 ,N,N,N,N,N,N,N,N,N,N,N
4519,22090968614,P,00800,Halfrid Sylwester                  ,Torp                               ,N,N,N,J,N,KUNDER UNDER 18 ÅR                 ,N,N,N,N,N,N,N,N,N,N,N
4519,11041331196,P,00900,Gunda Eigil                        ,Engen                              ,N,N,N,J,N,KUNDER UNDER 18 ÅR                 ,N,N,N,N,N,N,N,N,N,N,N
4519,29041423895,P,00102,Raimondas Juliet                   ,Flønes                             ,N,N,N,J,N,KUNDER UNDER 18 ÅR                 ,N,N,N,N,N,N,N,N,N,N,N
4519,05011316486,P,00900,Odny Anstein                       ,Tomren                             ,N,N,N,J,N,KUNDER UNDER 18 ÅR                 ,N,N,N,N,N,N,N,N,N,N,N
4519,20061202316,P,01200,Knut-Erik Inger-Johanne            ,Haukedal                           ,N,N,N,J,N,KUNDER UNDER 18 ÅR                 ,N,N,N,N,N,N,N,N,N,N,N
4519,04111075978,P,00800,Jo Ragne                           ,Opseth                             ,N,N,N,J,N,KUNDER UNDER 18 ÅR                 ,N,N,N,N,N,N,N,N,N,N,N
4519,01101321807,P,00900,Eduardo Raquel                     ,Anfinsen                           ,N,N,N,J,N,KUNDER UNDER 18 ÅR                 ,N,N,N,N,N,N,N,N,N,N,N
4519,04030934852,P,00102,Vivian Kemal                       ,Olaussen                           ,N,N,N,J,N,KUNDER UNDER 18 ÅR                 ,N,N,N,N,N,N,N,N,N,N,N
4519,09070678494,P,00102,Vesna Idris                        ,Stornes                            ,N,N,N,J,N,KUNDER UNDER 18 ÅR                 ,N,N,N,N,N,N,N,N,N,N,N
4519,30040952248,P,00102,Rolandas Aasa                      ,Malm                               ,N,N,N,J,N,KUNDER UNDER 18 ÅR                 ,N,N,N,N,N,N,N,N,N,N,N
4519,28120934203,P,00102,Zuzana Marcelo                     ,Vedøy                              ,N,N,N,J,N,KUNDER UNDER 18 ÅR                 ,N,N,N,N,N,N,N,N,N,N,N
4519,11080811510,P,00800,Martin Stine                       ,Mydland                            ,N,N,N,J,N,KUNDER UNDER 18 ÅR                 ,N,N,N,N,N,N,N,N,N,N,N
4519,31031021394,P,00800,Ragne Asbjørn                      ,Fylling                            ,N,N,N,J,N,KUNDER UNDER 18 ÅR                 ,N,N,N,N,N,N,N,N,N,N,N
4519,05010732354,P,00102,Elliot Linn-Kristin                ,Bjørkmo                            ,N,N,N,J,N,KUNDER UNDER 18 ÅR                 ,N,N,N,N,N,N,N,N,N,N,N
4519,14021272532,P,00102,Wibeke Stein-Erik                  ,Bjerke                             ,N,N,N,J,N,KUNDER UNDER 18 ÅR                 ,N,N,N,N,N,N,N,N,N,N,N
4519,02080623278,P,00800,Hege Duy                           ,Rui                                ,N,N,N,J,N,KUNDER UNDER 18 ÅR                 ,N,N,N,N,N,N,N,N,N,N,N
4519,16101131703,P,00900,Liza Borger                        ,Rusten                             ,N,N,N,J,N,KUNDER UNDER 18 ÅR                 ,N,N,N,N,N,N,N,N,N,N,N
4519,02011175549,P,00102,Isabell Tristan                    ,Vika                               ,N,N,N,J,N,KUNDER UNDER 18 ÅR                 ,N,N,N,N,N,N,N,N,N,N,N
4519,29070611048,P,00800,Gunvor Florian                     ,Sirnes                             ,N,N,N,J,N,KUNDER UNDER 18 ÅR                 ,N,N,N,N,N,N,N,N,N,N,N
4519,19111205240,P,00900,Arnulf Thorild                     ,Smeland                            ,N,N,N,J,N,KUNDER UNDER 18 ÅR                 ,N,N,N,N,N,N,N,N,N,N,N
4519,02091435147,P,00102,Herbjørg Bent                      ,Hindenes                           ,N,N,N,J,N,KUNDER UNDER 18 ÅR                 ,N,N,N,N,N,N,N,N,N,N,N
4519,22041066613,P,00800,Biniam Lucyna                      ,Lindqvist                          ,N,N,N,J,N,KUNDER UNDER 18 ÅR                 ,N,N,N,N,N,N,N,N,N,N,N
4519,23060729999,P,00800,Monika Ingvard                     ,Asbjørnsen                         ,N,N,N,J,N,KUNDER UNDER 18 ÅR                 ,N,N,N,N,N,N,N,N,N,N,N
4519,19060834000,P,00900,Aslak Marita                       ,Sirnes                             ,N,N,N,J,N,KUNDER UNDER 18 ÅR                 ,N,N,N,N,N,N,N,N,N,N,N
4519,24051023230,P,00800,Raimondas Juliet                   ,Wojcik                             ,N,N,N,J,N,KUNDER UNDER 18 ÅR                 ,N,N,N,N,N,N,N,N,N,N,N
4519,15030627722,P,00800,Hilde-Gunn Romualdas               ,Nyhuus                             ,N,N,N,J,N,KUNDER UNDER 18 ÅR                 ,N,N,N,N,N,N,N,N,N,N,N
4519,11031001740,P,00102,Torild Ben                         ,Nyhuus                             ,N,N,N,J,N,KUNDER UNDER 18 ÅR                 ,N,N,N,N,N,N,N,N,N,N,N
4519,18091011898,P,01200,Jardar Shukri                      ,Nordhus                            ,N,N,N,J,N,KUNDER UNDER 18 ÅR                 ,N,N,N,N,N,N,N,N,N,N,N
4519,15080839011,P,01200,Asma Jahn                          ,Hilstad                            ,N,N,N,J,N,KUNDER UNDER 18 ÅR                 ,N,N,N,N,N,N,N,N,N,N,N
4519,26040634567,P,00102,Ramune Herleif                     ,Isene                              ,N,N,N,J,N,KUNDER UNDER 18 ÅR                 ,N,N,N,N,N,N,N,N,N,N,N
4519,06040710408,P,00102,Valdemar Jenny                     ,Andresen                           ,N,N,N,J,N,KUNDER UNDER 18 ÅR                 ,N,N,N,N,N,N,N,N,N,N,N
4519,22090914336,P,00800,Alexandre Fride                    ,Silva                              ,N,N,N,J,N,KUNDER UNDER 18 ÅR                 ,N,N,N,N,N,N,N,N,N,N,N
4519,23011100694,P,01200,Ingmar Lilia                       ,Rønneberg                          ,N,N,N,J,N,KUNDER UNDER 18 ÅR                 ,N,N,N,N,N,N,N,N,N,N,N
4519,16011220677,P,00800,May-Liss Nabil                     ,Lundberg                           ,N,N,N,J,N,KUNDER UNDER 18 ÅR                 ,N,N,N,N,N,N,N,N,N,N,N
4519,04091213570,P,00800,Jette Egon                         ,Khalil                             ,N,N,N,J,N,KUNDER UNDER 18 ÅR                 ,N,N,N,N,N,N,N,N,N,N,N
4519,27041026214,P,00102,Jens Jonna                         ,Hatlevik                           ,N,N,N,J,N,KUNDER UNDER 18 ÅR                 ,N,N,N,N,N,N,N,N,N,N,N
4519,22030633303,P,01200,Timothy Magnhild                   ,Skjølberg                          ,N,N,N,J,N,KUNDER UNDER 18 ÅR                 ,N,N,N,N,N,N,N,N,N,N,N
4519,13031630252,P,00102,Irene Nicolae                      ,Ringen                             ,N,N,N,J,N,KUNDER UNDER 18 ÅR                 ,N,N,N,N,N,N,N,N,N,N,N
4519,11101029192,P,00900,Marton Kim                         ,Horntvedt                          ,N,N,N,J,N,KUNDER UNDER 18 ÅR                 ,N,N,N,N,N,N,N,N,N,N,N
4519,10011327813,P,00900,Karstein Alva                      ,Klepp                              ,N,N,N,J,N,KUNDER UNDER 18 ÅR                 ,N,N,N,N,N,N,N,N,N,N,N
4519,25060765572,P,01200,Ramune Herleif                     ,Schau                              ,N,N,N,J,N,KUNDER UNDER 18 ÅR                 ,N,N,N,N,N,N,N,N,N,N,N
4519,27081055993,P,00800,Fredrik Sølvi                      ,Aanestad                           ,N,N,N,J,N,KUNDER UNDER 18 ÅR                 ,N,N,N,N,N,N,N,N,N,N,N
4519,18020916946,P,00102,Andrius Annelise                   ,Storsve                            ,N,N,N,J,N,KUNDER UNDER 18 ÅR                 ,N,N,N,N,N,N,N,N,N,N,N
4519,14091404495,P,00900,Asle Ann-Elin                      ,Lillebø                            ,N,N,N,J,N,KUNDER UNDER 18 ÅR                 ,N,N,N,N,N,N,N,N,N,N,N
4519,08091216311,P,01200,Thorbjørn Norah                    ,Velde                              ,N,N,N,J,N,KUNDER UNDER 18 ÅR                 ,N,N,N,N,N,N,N,N,N,N,N
4519,14120908724,P,01200,Tiina Egon                         ,Braut                              ,N,N,N,J,N,KUNDER UNDER 18 ÅR                 ,N,N,N,N,N,N,N,N,N,N,N
4519,10021019718,P,00800,Jens Lucia                         ,Pollestad                          ,N,N,N,J,N,KUNDER UNDER 18 ÅR                 ,N,N,N,N,N,N,N,N,N,N,N
4519,21080628924,P,00900,Iselin Emilio                      ,Tjemsland                          ,N,N,N,J,N,KUNDER UNDER 18 ÅR                 ,N,N,N,N,N,N,N,N,N,N,N
4519,07031077685,P,00102,Eldri Irfan                        ,Emilsen                            ,N,N,N,J,N,KUNDER UNDER 18 ÅR                 ,N,N,N,N,N,N,N,N,N,N,N
4519,12011319163,P,00102,Ulrikke Jack                       ,Tahir                              ,N,N,N,J,N,KUNDER UNDER 18 ÅR                 ,N,N,N,N,N,N,N,N,N,N,N
4519,10120924791,P,00800,Regine Jann                        ,Tallaksen                          ,N,N,N,J,N,KUNDER UNDER 18 ÅR                 ,N,N,N,N,N,N,N,N,N,N,N
4519,09121307615,P,01200,Paal Alisa                         ,Dalby                              ,N,N,N,J,N,KUNDER UNDER 18 ÅR                 ,N,N,N,N,N,N,N,N,N,N,N
4519,15051027997,P,00102,Søren Rakel                        ,Aaby                               ,J,N,N,J,N,KUNDER UNDER 18 ÅR                 ,N,N,N,N,N,N,N,N,N,N,N
4519,05051211024,P,00800,Gunnel Miguel                      ,Yri                                ,N,N,N,J,N,KUNDER UNDER 18 ÅR                 ,N,N,N,N,N,N,N,N,N,N,N
4519,25070618675,P,01200,Isabel Carsten                     ,Rikardsen                          ,N,N,N,J,N,KUNDER UNDER 18 ÅR                 ,N,N,N,N,N,N,N,N,N,N,N
4519,01120604852,P,00102,Silje Sigve                        ,Engan                              ,N,N,N,J,N,KUNDER UNDER 18 ÅR                 ,N,N,N,N,N,N,N,N,N,N,N
4519,06061609855,P,00800,Liv Arthur                         ,Thorkildsen                        ,N,N,N,J,N,KUNDER UNDER 18 ÅR                 ,N,N,N,N,N,N,N,N,N,N,N
4519,10040917646,P,00800,Henrik Martyna                     ,Hope                               ,N,N,N,J,N,KUNDER UNDER 18 ÅR                 ,N,N,N,N,N,N,N,N,N,N,N
4519,24100675664,P,00800,Jutta Marc                         ,Kristoffersen                      ,N,N,N,J,N,KUNDER UNDER 18 ÅR                 ,N,N,N,N,N,N,N,N,N,N,N
4519,30030911594,P,01200,Heidi Roald                        ,Moholt                             ,N,N,N,J,N,KUNDER UNDER 18 ÅR                 ,N,N,N,N,N,N,N,N,N,N,N
4519,30050914964,P,00102,Susanna Vegar                      ,Angvik                             ,N,N,N,J,N,KUNDER UNDER 18 ÅR                 ,N,N,N,N,N,N,N,N,N,N,N
4519,14020744864,P,00800,Dawid Hennie                       ,Seim                               ,N,N,N,J,N,KUNDER UNDER 18 ÅR                 ,N,N,N,N,N,N,N,N,N,N,N
4519,08060722944,P,00102,Kirsten Mikko                      ,Hausken                            ,N,N,N,J,N,KUNDER UNDER 18 ÅR                 ,N,N,N,N,N,N,N,N,N,N,N
4519,08041330113,P,01200,Serine Muhamed                     ,Oksnes                             ,N,N,N,J,N,KUNDER UNDER 18 ÅR                 ,N,N,N,N,N,N,N,N,N,N,N
4519,10061003369,P,01200,Hallstein Marija                   ,Hasund                             ,N,N,N,J,N,KUNDER UNDER 18 ÅR                 ,N,N,N,N,N,N,N,N,N,N,N
4519,07020713695,P,00900,Edward Katarzyna                   ,Finne                              ,N,N,N,J,N,KUNDER UNDER 18 ÅR                 ,N,N,N,N,N,N,N,N,N,N,N
4519,05050613919,P,00102,Kamil Martyna                      ,Bruvik                             ,N,N,N,J,N,KUNDER UNDER 18 ÅR                 ,N,N,N,N,N,N,N,N,N,N,N
4519,06011108340,P,00102,Zdzislaw Kjellaug                  ,Lynum                              ,N,N,N,J,N,KUNDER UNDER 18 ÅR                 ,N,N,N,N,N,N,N,N,N,N,N
4519,10100622667,P,00102,Fatma Dean                         ,Rusten                             ,N,N,N,J,N,KUNDER UNDER 18 ÅR                 ,N,N,N,N,N,N,N,N,N,N,N
4519,05020818443,P,00102,Vårin Per-Kristian                 ,Bru                                ,N,N,N,J,N,KUNDER UNDER 18 ÅR                 ,N,N,N,N,N,N,N,N,N,N,N
4519,18041707077,P,00102,Eivin Agneta                       ,Joa                                ,N,N,N,J,N,KUNDER UNDER 18 ÅR                 ,N,N,N,N,N,N,N,N,N,N,N
4519,21081307323,P,00102,Aurora Berhane                     ,Høiland                            ,N,N,N,J,N,KUNDER UNDER 18 ÅR                 ,N,N,N,N,N,N,N,N,N,N,N
4519,08061219065,P,00800,Timothy Josephine                  ,Hagberg                            ,N,N,N,J,N,KUNDER UNDER 18 ÅR                 ,N,N,N,N,N,N,N,N,N,N,N
4519,17011429122,P,00800,Valdemar Wencke                    ,Wahlstrøm                          ,N,N,N,J,N,KUNDER UNDER 18 ÅR                 ,N,N,N,N,N,N,N,N,N,N,N
4519,05081218406,P,00900,Annfrid Berhane                    ,Haugseth                           ,N,N,N,J,N,KUNDER UNDER 18 ÅR                 ,N,N,N,N,N,N,N,N,N,N,N
4519,06120656277,P,00900,Ragnhild Agnar                     ,Skråmestø                          ,N,N,N,J,N,KUNDER UNDER 18 ÅR                 ,N,N,N,N,N,N,N,N,N,N,N
4519,17050632695,P,00900,Tor-Inge Marte                     ,Gran                               ,N,N,N,J,N,KUNDER UNDER 18 ÅR                 ,N,N,N,N,N,N,N,N,N,N,N
4519,11101012303,P,00102,Evelina Steingrim                  ,Midtbø                             ,N,N,N,J,N,KUNDER UNDER 18 ÅR                 ,N,N,N,N,N,N,N,N,N,N,N
4519,13101004915,P,00900,Margarita Donald                   ,Moldskred                          ,N,N,N,J,N,KUNDER UNDER 18 ÅR                 ,N,N,N,N,N,N,N,N,N,N,N
4519,02091310123,P,00102,Nataniel Beret                     ,Lea                                ,N,N,N,J,N,KUNDER UNDER 18 ÅR                 ,N,N,N,N,N,N,N,N,N,N,N
4519,18081510756,P,00102,Timothy Beathe                     ,Homme                              ,N,N,N,J,N,KUNDER UNDER 18 ÅR                 ,N,N,N,N,N,N,N,N,N,N,N
4519,08051215800,P,00102,Phuong Valentin                    ,Malm                               ,N,N,N,J,N,KUNDER UNDER 18 ÅR                 ,N,N,N,N,N,N,N,N,N,N,N
4519,09111538015,P,01200,Ann-Katrin Marius                  ,Hassel                             ,J,N,N,J,N,KUNDER UNDER 18 ÅR                 ,N,N,N,N,N,N,N,N,N,N,N
4519,25100726141,P,00900,Halina Nikolai                     ,Brænden                            ,N,N,N,J,N,KUNDER UNDER 18 ÅR                 ,N,N,N,N,N,N,N,N,N,N,N
4519,04111407318,P,00102,Mantas Jurgita                     ,Fagereng                           ,N,N,N,J,N,KUNDER UNDER 18 ÅR                 ,N,N,N,N,N,N,N,N,N,N,N
4519,27120605874,P,00800,Irma Stein-Erik                    ,Skogseth                           ,N,N,N,J,N,KUNDER UNDER 18 ÅR                 ,N,N,N,N,N,N,N,N,N,N,N
4519,08080702141,P,00102,Torodd Ngoc                        ,Hinna                              ,N,N,N,J,N,KUNDER UNDER 18 ÅR                 ,N,N,N,N,N,N,N,N,N,N,N
4519,16070931986,P,00800,Karwan Heidrun                     ,Vevang                             ,N,N,N,J,N,KUNDER UNDER 18 ÅR                 ,N,N,N,N,N,N,N,N,N,N,N
4519,27091622772,P,00102,Ruth Irfan                         ,Hinna                              ,N,N,N,J,N,KUNDER UNDER 18 ÅR                 ,N,N,N,N,N,N,N,N,N,N,N
4519,04051303801,P,00900,Jennie Herleif                     ,Fardal                             ,N,N,N,J,N,KUNDER UNDER 18 ÅR                 ,N,N,N,N,N,N,N,N,N,N,N
4519,17061170073,P,00900,Ioana Mindaugas                    ,Kvandal                            ,N,N,N,J,N,KUNDER UNDER 18 ÅR                 ,N,N,N,N,N,N,N,N,N,N,N
4519,10011330040,P,00102,Marcel Karina                      ,Eikrem                             ,N,N,N,J,N,KUNDER UNDER 18 ÅR                 ,N,N,N,N,N,N,N,N,N,N,N
4519,13100913881,P,00102,Turi Ulrik                         ,Smedsrud                           ,N,N,N,J,N,KUNDER UNDER 18 ÅR                 ,N,N,N,N,N,N,N,N,N,N,N
4519,03021034974,P,00900,Siren Christer                     ,Kallevik                           ,N,N,N,J,N,KUNDER UNDER 18 ÅR                 ,N,N,N,N,N,N,N,N,N,N,N
4519,20030813775,P,00102,Josephine Fernando                 ,Hernæs                             ,N,N,N,J,N,KUNDER UNDER 18 ÅR                 ,N,N,N,N,N,N,N,N,N,N,N
4519,24011028914,P,00800,Justas Benedicte                   ,Aanestad                           ,N,N,N,J,N,KUNDER UNDER 18 ÅR                 ,N,N,N,N,N,N,N,N,N,N,N
4519,30070833227,P,00102,Mari Rune                          ,Engelsen                           ,N,N,N,J,N,KUNDER UNDER 18 ÅR                 ,N,N,N,N,N,N,N,N,N,N,N
4519,02030639556,P,00102,Tilde Roald                        ,Hågensen                           ,J,N,N,J,N,KUNDER UNDER 18 ÅR                 ,N,N,N,N,N,N,N,N,N,N,N
4519,16120901390,P,00102,Wibeche Magnus                     ,Rynning                            ,N,N,N,J,N,KUNDER UNDER 18 ÅR                 ,N,N,N,N,N,N,N,N,N,N,N
4519,30091577174,P,00102,Denis Heather                      ,Stensland                          ,N,N,N,J,N,KUNDER UNDER 18 ÅR                 ,N,N,N,N,N,N,N,N,N,N,N
4519,17080616651,P,00800,Jens Jonna                         ,Rønning                            ,N,N,N,J,N,KUNDER UNDER 18 ÅR                 ,N,N,N,N,N,N,N,N,N,N,N
4519,12040703789,P,00900,Bartosz Haldis                     ,Borge                              ,N,N,N,J,N,KUNDER UNDER 18 ÅR                 ,N,N,N,N,N,N,N,N,N,N,N
4519,26080645383,P,00800,Annicken Marc                      ,Thorud                             ,N,N,N,J,N,KUNDER UNDER 18 ÅR                 ,N,N,N,N,N,N,N,N,N,N,N
4519,19080872898,P,01200,Sarah Abdulahi                     ,Kirkhus                            ,N,N,N,J,N,KUNDER UNDER 18 ÅR                 ,N,N,N,N,N,N,N,N,N,N,N
4519,07051131198,P,00900,Ib Annelise                        ,Grini                              ,N,N,N,J,N,KUNDER UNDER 18 ÅR                 ,N,N,N,N,N,N,N,N,N,N,N
4519,11091006849,P,01200,Nanny Jan-Inge                     ,Blomvik                            ,N,N,N,J,N,KUNDER UNDER 18 ÅR                 ,N,N,N,N,N,N,N,N,N,N,N
4519,13081212214,P,00800,Karen-Marie Tristan                ,Vågenes                            ,N,N,N,J,N,KUNDER UNDER 18 ÅR                 ,N,N,N,N,N,N,N,N,N,N,N
4519,11050663029,P,00102,Tordis Boye                        ,Kleiven                            ,N,N,N,J,N,KUNDER UNDER 18 ÅR                 ,N,N,N,N,N,N,N,N,N,N,N
4519,12020923413,P,00900,Thao Miguel                        ,Tonstad                            ,N,N,N,J,N,KUNDER UNDER 18 ÅR                 ,N,N,N,N,N,N,N,N,N,N,N
4519,08100761948,P,00102,Mehran Saba                        ,Walderhaug                         ,N,N,N,J,N,KUNDER UNDER 18 ÅR                 ,N,N,N,N,N,N,N,N,N,N,N
4519,22091160823,P,01200,Gunn Umar                          ,Vetrhus                            ,N,N,N,J,N,KUNDER UNDER 18 ÅR                 ,N,N,N,N,N,N,N,N,N,N,N
4519,31051256290,P,01200,Bjørghild Kaj                      ,Østerud                            ,N,N,N,J,N,KUNDER UNDER 18 ÅR                 ,N,N,N,N,N,N,N,N,N,N,N
4519,14021255492,P,00800,Oskar Elke                         ,Hjortland                          ,N,N,N,J,N,KUNDER UNDER 18 ÅR                 ,N,N,N,N,N,N,N,N,N,N,N
4519,08020650193,P,00102,Rodney Wenke                       ,Finne                              ,N,N,N,J,N,KUNDER UNDER 18 ÅR                 ,N,N,N,N,N,N,N,N,N,N,N
4519,24040957290,P,01200,Vilje Mieczyslaw                   ,Vevang                             ,N,N,N,J,N,KUNDER UNDER 18 ÅR                 ,N,N,N,N,N,N,N,N,N,N,N
4519,05100639450,P,00102,Karstein Alva                      ,Svensson                           ,N,N,N,J,N,KUNDER UNDER 18 ÅR                 ,N,N,N,N,N,N,N,N,N,N,N
4519,02030609487,P,00102,Asif Anne-Merete                   ,Olaisen                            ,N,N,N,J,N,KUNDER UNDER 18 ÅR                 ,N,N,N,N,N,N,N,N,N,N,N
4519,28110902133,P,00102,Berge Hild                         ,Berisha                            ,N,N,N,J,N,KUNDER UNDER 18 ÅR                 ,N,N,N,N,N,N,N,N,N,N,N
4519,28051122676,P,00102,Fatemeh Angel                      ,Homme                              ,N,N,N,J,N,KUNDER UNDER 18 ÅR                 ,N,N,N,N,N,N,N,N,N,N,N
4519,18040633932,P,00800,Shahid Kaja                        ,Hagenes                            ,N,N,N,J,N,KUNDER UNDER 18 ÅR                 ,N,N,N,N,N,N,N,N,N,N,N
4519,16100722007,P,00800,Teodor Margit                      ,Slyngstad                          ,N,N,N,J,N,KUNDER UNDER 18 ÅR                 ,N,N,N,N,N,N,N,N,N,N,N
4519,18120917869,P,00102,Knud Elsa                          ,Walderhaug                         ,N,N,N,J,N,KUNDER UNDER 18 ÅR                 ,N,N,N,N,N,N,N,N,N,N,N
4519,13100701795,P,00800,Benedicte Rachid                   ,Grimnes                            ,N,N,N,J,N,KUNDER UNDER 18 ÅR                 ,N,N,N,N,N,N,N,N,N,N,N
4519,06041406877,P,00102,Beatriz Duc                        ,Nedrebø                            ,N,N,N,J,N,KUNDER UNDER 18 ÅR                 ,N,N,N,N,N,N,N,N,N,N,N
4519,21040621714,P,00102,Julia Carsten                      ,Gustad                             ,N,N,N,J,N,KUNDER UNDER 18 ÅR                 ,N,N,N,N,N,N,N,N,N,N,N
4519,06090830161,P,01200,Sine Hai                           ,Grønning                           ,N,N,N,J,N,KUNDER UNDER 18 ÅR                 ,N,N,N,N,N,N,N,N,N,N,N
4519,04020819702,P,01200,Ravn Eileen                        ,Monstad                            ,N,N,N,J,N,KUNDER UNDER 18 ÅR                 ,N,N,N,N,N,N,N,N,N,N,N
4519,29010600160,P,00800,Andrej Ingalill                    ,Huseby                             ,N,N,N,J,N,KUNDER UNDER 18 ÅR                 ,N,N,N,N,N,N,N,N,N,N,N
4519,21011122814,P,00102,Runhild Tollef                     ,Rørstad                            ,N,N,N,J,N,KUNDER UNDER 18 ÅR                 ,N,N,N,N,N,N,N,N,N,N,N
4519,13120912482,P,00102,Heiko Oddfrid                      ,Høivik                             ,N,N,N,J,N,KUNDER UNDER 18 ÅR                 ,N,N,N,N,N,N,N,N,N,N,N
4519,25071190253,P,00102,Pablo Hallfrid                     ,Kaasa                              ,N,N,N,J,N,KUNDER UNDER 18 ÅR                 ,N,N,N,N,N,N,N,N,N,N,N
4519,01090916285,P,00900,Glen Synnøve                       ,Willumsen                          ,N,N,N,J,N,KUNDER UNDER 18 ÅR                 ,N,N,N,N,N,N,N,N,N,N,N
4519,04121111638,P,00102,Josephine Thorvald                 ,Ahmed                              ,J,N,N,J,N,KUNDER UNDER 18 ÅR                 ,N,N,N,N,N,N,N,N,N,N,N
4519,25110833310,P,00102,Ahmed Vibekke                      ,Sverdrup                           ,N,N,N,J,N,KUNDER UNDER 18 ÅR                 ,N,N,N,N,N,N,N,N,N,N,N
4519,07070922856,P,00102,Knud Suzanne                       ,Ofstad                             ,N,N,N,J,N,KUNDER UNDER 18 ÅR                 ,N,N,N,N,N,N,N,N,N,N,N
4519,28120680686,P,00800,Paulina Cesar                      ,Vorland                            ,N,N,N,J,N,KUNDER UNDER 18 ÅR                 ,N,N,N,N,N,N,N,N,N,N,N
4519,19041577366,P,01200,Thyra Per-Kristian                 ,Skailand                           ,N,N,N,J,N,KUNDER UNDER 18 ÅR                 ,N,N,N,N,N,N,N,N,N,N,N
4519,26010675684,P,00102,Karla Vincent                      ,Størseth                           ,N,N,N,J,N,KUNDER UNDER 18 ÅR                 ,N,N,N,N,N,N,N,N,N,N,N
4519,28020667267,P,00800,Abdirashid Ludmila                 ,Vogt                               ,N,N,N,J,N,KUNDER UNDER 18 ÅR                 ,N,N,N,N,N,N,N,N,N,N,N
4519,30060827024,P,00102,Mari-Ann Melvin                    ,Ervik                              ,N,N,N,J,N,KUNDER UNDER 18 ÅR                 ,N,N,N,N,N,N,N,N,N,N,N
4519,19060923003,P,01200,Birgitta Helmer                    ,Hellenes                           ,N,N,N,J,N,KUNDER UNDER 18 ÅR                 ,N,N,N,N,N,N,N,N,N,N,N
4519,15021064820,P,00102,Regine Staffan                     ,Torland                            ,N,N,N,J,N,KUNDER UNDER 18 ÅR                 ,N,N,N,N,N,N,N,N,N,N,N
4519,24050876159,P,01200,Ann-Lisbeth Sasa                   ,Omar                               ,N,N,N,J,N,KUNDER UNDER 18 ÅR                 ,N,N,N,N,N,N,N,N,N,N,N
4519,31121204668,P,00800,Vivi Idris                         ,Skaret                             ,N,N,N,J,N,KUNDER UNDER 18 ÅR                 ,N,N,N,N,N,N,N,N,N,N,N
4519,18101306964,P,00900,Kathleen Willy                     ,Syvertsen                          ,N,N,N,J,N,KUNDER UNDER 18 ÅR                 ,N,N,N,N,N,N,N,N,N,N,N
4519,07111127721,P,00102,Frederick Katrina                  ,Somby                              ,N,N,N,J,N,KUNDER UNDER 18 ÅR                 ,N,N,N,N,N,N,N,N,N,N,N
4519,04101318910,P,00800,Henny Bjørge                       ,Langøy                             ,N,N,N,J,N,KUNDER UNDER 18 ÅR                 ,N,N,N,N,N,N,N,N,N,N,N
4519,01080756719,P,00900,Knut-Erik Inger-Johanne            ,Veiby                              ,N,N,N,J,N,KUNDER UNDER 18 ÅR                 ,N,N,N,N,N,N,N,N,N,N,N
4519,16101019539,P,01200,Kristofer Tonje                    ,Hoddevik                           ,N,N,N,J,N,KUNDER UNDER 18 ÅR                 ,N,N,N,N,N,N,N,N,N,N,N
4519,23070864126,P,00102,Serine Boye                        ,Fardal                             ,N,N,N,J,N,KUNDER UNDER 18 ÅR                 ,N,N,N,N,N,N,N,N,N,N,N
4519,17051116100,P,00102,Aadne Perly                        ,Ausland                            ,N,N,N,J,N,KUNDER UNDER 18 ÅR                 ,N,N,N,N,N,N,N,N,N,N,N
4519,31121107360,P,00800,Torgny Maya                        ,Bergli                             ,N,N,N,J,N,KUNDER UNDER 18 ÅR                 ,N,N,N,N,N,N,N,N,N,N,N
4519,23050770923,P,00900,Rodney Frida                       ,Reite                              ,N,N,N,J,N,KUNDER UNDER 18 ÅR                 ,N,N,N,N,N,N,N,N,N,N,N
4519,15050905729,P,00102,Ahmet Wibecke                      ,Ims                                ,N,N,N,J,N,KUNDER UNDER 18 ÅR                 ,N,N,N,N,N,N,N,N,N,N,N
4519,21061130311,P,00800,Rose Thom                          ,Lauvrak                            ,N,N,N,J,N,KUNDER UNDER 18 ÅR                 ,N,N,N,N,N,N,N,N,N,N,N
4519,29051529829,P,00102,Inger-Anne Agnar                   ,Fiskum                             ,N,N,N,J,N,KUNDER UNDER 18 ÅR                 ,N,N,N,N,N,N,N,N,N,N,N
4519,27091250867,P,00102,Patricia Staffan                   ,Bjørnevik                          ,N,N,N,J,N,KUNDER UNDER 18 ÅR                 ,N,N,N,N,N,N,N,N,N,N,N
4519,06041158334,P,00102,Eystein Inghild                    ,Hjelseth                           ,N,N,N,J,N,KUNDER UNDER 18 ÅR                 ,N,N,N,N,N,N,N,N,N,N,N
4519,27071675187,P,00102,Hallgeir Giske                     ,Frisvold                           ,N,N,N,J,N,KUNDER UNDER 18 ÅR                 ,N,N,N,N,N,N,N,N,N,N,N
4519,03120900861,P,00102,Jan-Fredrik Louise                 ,Evjen                              ,N,N,N,J,N,KUNDER UNDER 18 ÅR                 ,N,N,N,N,N,N,N,N,N,N,N
4519,12071328110,P,00102,Salih Kaya                         ,Kleiv                              ,N,N,N,J,N,KUNDER UNDER 18 ÅR                 ,N,N,N,N,N,N,N,N,N,N,N
4519,06120625495,P,00102,Torstein Tania                     ,Rikardsen                          ,N,N,N,J,N,KUNDER UNDER 18 ÅR                 ,N,N,N,N,N,N,N,N,N,N,N
4519,29121129238,P,01200,Hamed Margareta                    ,Nielsen                            ,N,N,N,J,N,KUNDER UNDER 18 ÅR                 ,N,N,N,N,N,N,N,N,N,N,N
4519,29071423946,P,06008,Viviann Ben                        ,Engelsen                           ,N,N,N,J,N,KUNDER UNDER 18 ÅR                 ,N,N,N,N,N,N,N,N,N,N,N
4519,03030605151,P,01200,Oddmar Serina                      ,Sørhus                             ,N,N,N,J,N,KUNDER UNDER 18 ÅR                 ,N,N,N,N,N,N,N,N,N,N,N
4519,30050702606,P,00800,Vasile Hellen                      ,Vie                                ,N,N,N,J,N,KUNDER UNDER 18 ÅR                 ,N,N,N,N,N,N,N,N,N,N,N
4519,16090812541,P,00102,Radoslaw Kristin                   ,Osmundsen                          ,N,N,N,J,N,KUNDER UNDER 18 ÅR                 ,N,N,N,N,N,N,N,N,N,N,N
4519,02121022071,P,00800,Alison Abdulahi                    ,Jentoft                            ,N,N,N,J,N,KUNDER UNDER 18 ÅR                 ,N,N,N,N,N,N,N,N,N,N,N
4519,25030738570,P,00800,Hanne Dario                        ,Kleiven                            ,N,N,N,J,N,KUNDER UNDER 18 ÅR                 ,N,N,N,N,N,N,N,N,N,N,N
4519,06020646266,P,00102,Liv Ahmed                          ,Hoffmann                           ,N,N,N,J,N,KUNDER UNDER 18 ÅR                 ,N,N,N,N,N,N,N,N,N,N,N
4519,01121375318,P,01200,Alvhild Julian                     ,Hegstad                            ,N,N,N,J,N,KUNDER UNDER 18 ÅR                 ,N,N,N,N,N,N,N,N,N,N,N
4519,26121178450,P,00900,Magomed Eleni                      ,Mandal                             ,N,N,N,J,N,KUNDER UNDER 18 ÅR                 ,N,N,N,N,N,N,N,N,N,N,N
4519,14090838955,P,00800,Patric Margaretha                  ,Lundberg                           ,N,N,N,J,N,KUNDER UNDER 18 ÅR                 ,N,N,N,N,N,N,N,N,N,N,N
4519,14011004491,P,01200,Tore Oddhild                       ,Moldskred                          ,N,N,N,J,N,KUNDER UNDER 18 ÅR                 ,N,N,N,N,N,N,N,N,N,N,N
4519,22100905519,P,01200,Harald Elisabet                    ,Alver                              ,N,N,N,J,N,KUNDER UNDER 18 ÅR                 ,N,N,N,N,N,N,N,N,N,N,N
4519,11010801518,P,00102,Mattis Borgny                      ,Austad                             ,N,N,N,J,N,KUNDER UNDER 18 ÅR                 ,N,N,N,N,N,N,N,N,N,N,N
4519,03070850876,P,01200,Kirsti Angel                       ,Sundgot                            ,N,N,N,J,N,KUNDER UNDER 18 ÅR                 ,N,N,N,N,N,N,N,N,N,N,N
4519,22060704361,P,00900,Rina Johnny                        ,Aanestad                           ,N,N,N,J,N,KUNDER UNDER 18 ÅR                 ,N,N,N,N,N,N,N,N,N,N,N
4519,03040900127,P,01200,Antonie Stein-Erik                 ,Mentzoni                           ,N,N,N,J,N,KUNDER UNDER 18 ÅR                 ,N,N,N,N,N,N,N,N,N,N,N
4519,16091039293,P,00102,Lis Danny                          ,Gangstad                           ,N,N,N,J,N,KUNDER UNDER 18 ÅR                 ,N,N,N,N,N,N,N,N,N,N,N
4519,02100952605,P,01200,Eystein Marian                     ,Bjerknes                           ,N,N,N,J,N,KUNDER UNDER 18 ÅR                 ,N,N,N,N,N,N,N,N,N,N,N
4519,26081166993,P,00900,Wibeke Boye                        ,Bruvik                             ,N,N,N,J,N,KUNDER UNDER 18 ÅR                 ,N,N,N,N,N,N,N,N,N,N,N
4519,16050908805,P,00900,Susanne Joakim                     ,Moa                                ,N,N,N,J,N,KUNDER UNDER 18 ÅR                 ,N,N,N,N,N,N,N,N,N,N,N
4519,19081038417,P,01200,Renata Torbjørn                    ,Høgås                              ,N,N,N,J,N,KUNDER UNDER 18 ÅR                 ,N,N,N,N,N,N,N,N,N,N,N
4519,31030607379,P,00102,Jorun Muhamed                      ,Kvia                               ,N,N,N,J,N,KUNDER UNDER 18 ÅR                 ,N,N,N,N,N,N,N,N,N,N,N
4519,23011175953,P,00800,Hroar Dordi                        ,Dalene                             ,N,N,N,J,N,KUNDER UNDER 18 ÅR                 ,N,N,N,N,N,N,N,N,N,N,N
4519,19011123972,P,00102,Muna Gaute                         ,Toresen                            ,N,N,N,J,N,KUNDER UNDER 18 ÅR                 ,N,N,N,N,N,N,N,N,N,N,N
4519,02030718596,P,01200,Cathrine Ioan                      ,Haddal                             ,N,N,N,J,N,KUNDER UNDER 18 ÅR                 ,N,N,N,N,N,N,N,N,N,N,N
4519,30040869197,P,00102,Tony Feven                         ,Wu                                 ,N,N,N,J,N,KUNDER UNDER 18 ÅR                 ,N,N,N,N,N,N,N,N,N,N,N
4519,21090613127,P,00102,Livar Emely                        ,Skailand                           ,J,N,N,J,N,KUNDER UNDER 18 ÅR                 ,N,N,N,N,N,N,N,N,N,N,N
4519,08081206520,P,00900,Ann-Cecilie Jorulf                 ,Aleksandersen                      ,N,N,N,J,N,KUNDER UNDER 18 ÅR                 ,N,N,N,N,N,N,N,N,N,N,N
4519,12120913660,P,00102,Ståle Lilly                        ,Aarsand                            ,N,N,N,J,N,KUNDER UNDER 18 ÅR                 ,N,N,N,N,N,N,N,N,N,N,N
4519,23101331032,P,00900,Raja Annelie                       ,Rødsjø                             ,N,N,N,J,N,KUNDER UNDER 18 ÅR                 ,N,N,N,N,N,N,N,N,N,N,N
4519,14060717479,P,01200,Louise Sivert                      ,Bøhn                               ,N,N,N,J,N,KUNDER UNDER 18 ÅR                 ,N,N,N,N,N,N,N,N,N,N,N
4519,02060601332,P,01200,Torleiv Gerd                       ,Bøhn                               ,N,N,N,J,N,KUNDER UNDER 18 ÅR                 ,N,N,N,N,N,N,N,N,N,N,N
4519,22060609822,P,01200,Lucas Amanda                       ,Gaarder                            ,N,N,N,J,N,KUNDER UNDER 18 ÅR                 ,N,N,N,N,N,N,N,N,N,N,N
4519,02060732720,P,01200,Suzana Dean                        ,Lundgård                           ,N,N,N,J,N,KUNDER UNDER 18 ÅR                 ,N,N,N,N,N,N,N,N,N,N,N
4519,26060832578,P,00102,Vasile Dyveke                      ,Torkelsen                          ,N,N,N,J,N,KUNDER UNDER 18 ÅR                 ,N,N,N,N,N,N,N,N,N,N,N
4519,09101107431,P,01200,Una Angel                          ,Yri                                ,N,N,N,J,N,KUNDER UNDER 18 ÅR                 ,N,N,N,N,N,N,N,N,N,N,N
4519,08070950287,P,00102,Torodd Olivia                      ,Berisha                            ,N,N,N,J,N,KUNDER UNDER 18 ÅR                 ,N,N,N,N,N,N,N,N,N,N,N
4519,19081002072,P,00800,Shahid Ann-Charlotte               ,Thomassen                          ,N,N,N,J,N,KUNDER UNDER 18 ÅR                 ,N,N,N,N,N,N,N,N,N,N,N
4519,12041304799,P,01200,Linda Herleif                      ,Skretteberg                        ,N,N,N,J,N,KUNDER UNDER 18 ÅR                 ,N,N,N,N,N,N,N,N,N,N,N
4519,13120679303,P,01200,Usman Åshild                       ,Steindal                           ,N,N,N,J,N,KUNDER UNDER 18 ÅR                 ,N,N,N,N,N,N,N,N,N,N,N
4519,24021212799,P,00800,Halimo Helmer                      ,Forland                            ,N,N,N,J,N,KUNDER UNDER 18 ÅR                 ,N,N,N,N,N,N,N,N,N,N,N
4519,19041167087,P,00800,Sajjad Bibi                        ,Aanestad                           ,N,N,N,J,N,KUNDER UNDER 18 ÅR                 ,N,N,N,N,N,N,N,N,N,N,N
4519,05111308553,P,00102,Oksana Tristan                     ,Wille                              ,N,N,N,J,N,KUNDER UNDER 18 ÅR                 ,N,N,N,N,N,N,N,N,N,N,N
4519,01111228279,P,01200,Justinas Eden                      ,Tjøstheim                          ,N,N,N,J,N,KUNDER UNDER 18 ÅR                 ,N,N,N,N,N,N,N,N,N,N,N
4519,06101166889,P,00102,Wioleta Arthur                     ,Engevik                            ,N,N,N,J,N,KUNDER UNDER 18 ÅR                 ,N,N,N,N,N,N,N,N,N,N,N
4519,14060610399,P,01200,Youssef Alia                       ,Miljeteig                          ,N,N,N,J,N,KUNDER UNDER 18 ÅR                 ,N,N,N,N,N,N,N,N,N,N,N
4519,04011623072,P,00102,Gitte Frederik                     ,Sæbø                               ,J,N,N,J,N,KUNDER UNDER 18 ÅR                 ,N,N,N,N,N,N,N,N,N,N,N
4519,15101528763,P,01200,Lorena Cesar                       ,Lindseth                           ,N,N,N,J,N,KUNDER UNDER 18 ÅR                 ,N,N,N,N,N,N,N,N,N,N,N
4519,08060741914,P,01200,Andrius Karna                      ,Nygård                             ,N,N,N,J,N,KUNDER UNDER 18 ÅR                 ,N,N,N,N,N,N,N,N,N,N,N
4519,30120815977,P,01200,Adnan Leena                        ,Enoksen                            ,N,N,N,J,N,KUNDER UNDER 18 ÅR                 ,N,N,N,N,N,N,N,N,N,N,N
4519,01120731714,P,00900,Sajjad Viktoria                    ,Wollan                             ,N,N,N,J,N,KUNDER UNDER 18 ÅR                 ,N,N,N,N,N,N,N,N,N,N,N
4519,12090833233,P,01200,Denis Mariam                       ,Engstrøm                           ,N,N,N,J,N,KUNDER UNDER 18 ÅR                 ,N,N,N,N,N,N,N,N,N,N,N
4519,30121426001,P,00800,Cecilia Hai                        ,Nielsen                            ,N,N,N,J,N,KUNDER UNDER 18 ÅR                 ,N,N,N,N,N,N,N,N,N,N,N
4519,28060704114,P,00800,Jo Yvonne                          ,Eriksson                           ,N,N,N,J,N,KUNDER UNDER 18 ÅR                 ,N,N,N,N,N,N,N,N,N,N,N
4519,28060633055,P,00800,Torodd Isabella                    ,Vikan                              ,N,N,N,J,N,KUNDER UNDER 18 ÅR                 ,N,N,N,N,N,N,N,N,N,N,N
4519,08041618850,P,00102,Herdis Florian                     ,Silva                              ,N,N,N,J,N,KUNDER UNDER 18 ÅR                 ,N,N,N,N,N,N,N,N,N,N,N
4519,24070834177,P,01200,Maksim Gunilla                     ,Mustafa                            ,N,N,N,J,N,KUNDER UNDER 18 ÅR                 ,N,N,N,N,N,N,N,N,N,N,N
4519,02041211450,P,01200,Heiko Nansy                        ,Kjøde                              ,N,N,N,J,N,KUNDER UNDER 18 ÅR                 ,N,N,N,N,N,N,N,N,N,N,N
4519,29071209235,P,00800,Lis Trond                          ,Lillemo                            ,N,N,N,J,N,KUNDER UNDER 18 ÅR                 ,N,N,N,N,N,N,N,N,N,N,N
4519,28020918251,P,00900,Kamil Eldri                        ,Kaupang                            ,N,N,N,J,N,KUNDER UNDER 18 ÅR                 ,N,N,N,N,N,N,N,N,N,N,N
4519,13080702137,P,00800,Berge Wanda                        ,Sørbø                              ,N,N,N,J,N,KUNDER UNDER 18 ÅR                 ,N,N,N,N,N,N,N,N,N,N,N
4519,12120615023,P,01200,Alida Emilio                       ,Trydal                             ,N,N,N,J,N,KUNDER UNDER 18 ÅR                 ,N,N,N,N,N,N,N,N,N,N,N
4519,22110810311,P,00102,Kelly Reidar                       ,Sæbø                               ,N,N,N,J,N,KUNDER UNDER 18 ÅR                 ,N,N,N,N,N,N,N,N,N,N,N
4519,29030676465,P,00102,Ole-Jacob Janna                    ,Nordengen                          ,N,N,N,J,N,KUNDER UNDER 18 ÅR                 ,N,N,N,N,N,N,N,N,N,N,N
4519,21050802342,P,00102,Kinga Pieter                       ,Malmo                              ,N,N,N,J,N,KUNDER UNDER 18 ÅR                 ,N,N,N,N,N,N,N,N,N,N,N
4519,10110728862,P,00900,Zlatko Dominika                    ,Birkedal                           ,N,N,N,J,N,KUNDER UNDER 18 ÅR                 ,N,N,N,N,N,N,N,N,N,N,N
4519,06051013709,P,00102,Marzena Hans                       ,Byrkjeland                         ,N,N,N,J,N,KUNDER UNDER 18 ÅR                 ,N,N,N,N,N,N,N,N,N,N,N
4519,13121114040,P,00102,Radoslaw Lovise                    ,Sørmo                              ,N,N,N,J,N,KUNDER UNDER 18 ÅR                 ,N,N,N,N,N,N,N,N,N,N,N
4519,18061320888,P,00102,Salih Milica                       ,Ausland                            ,N,N,N,J,N,KUNDER UNDER 18 ÅR                 ,N,N,N,N,N,N,N,N,N,N,N
4519,04060723449,P,01200,Balder Vanja                       ,Sjøstrøm                           ,N,N,N,J,N,KUNDER UNDER 18 ÅR                 ,N,N,N,N,N,N,N,N,N,N,N
4519,15061503339,P,00900,Birte Trym                         ,Lynum                              ,N,N,N,J,N,KUNDER UNDER 18 ÅR                 ,N,N,N,N,N,N,N,N,N,N,N
4519,02021402586,P,00102,Isabelle Benn                      ,Røkenes                            ,N,N,N,J,N,KUNDER UNDER 18 ÅR                 ,N,N,N,N,N,N,N,N,N,N,N
4519,11031628093,P,01200,Noel Rose                          ,Tjelta                             ,N,N,N,J,N,KUNDER UNDER 18 ÅR                 ,N,N,N,N,N,N,N,N,N,N,N
4519,22050704614,P,00900,Iselin Kaj                         ,Ågotnes                            ,N,N,N,J,N,KUNDER UNDER 18 ÅR                 ,N,N,N,N,N,N,N,N,N,N,N
4519,14011115692,P,01200,Mahad Judit                        ,Vevang                             ,N,N,N,J,N,KUNDER UNDER 18 ÅR                 ,N,N,N,N,N,N,N,N,N,N,N
4519,01080623239,P,00900,Zuzanna Frederik                   ,Fjeldheim                          ,N,N,N,J,N,KUNDER UNDER 18 ÅR                 ,N,N,N,N,N,N,N,N,N,N,N
4519,13071107218,P,00800,Teodor Margit                      ,Ofstad                             ,N,N,N,J,N,KUNDER UNDER 18 ÅR                 ,N,N,N,N,N,N,N,N,N,N,N
4519,23121204908,P,00102,Wanda Yaser                        ,Bengtsson                          ,N,N,N,J,N,KUNDER UNDER 18 ÅR                 ,N,N,N,N,N,N,N,N,N,N,N
4519,29051316353,P,00800,Thorild Jan-Inge                   ,Holen                              ,N,N,N,J,N,KUNDER UNDER 18 ÅR                 ,N,N,N,N,N,N,N,N,N,N,N
4519,08050675247,P,01200,Nan Kenny                          ,Sperre                             ,N,N,N,J,N,KUNDER UNDER 18 ÅR                 ,N,N,N,N,N,N,N,N,N,N,N
4519,12091225709,P,00900,Winnie Jan-Fredrik                 ,Andorsen                           ,N,N,N,J,N,KUNDER UNDER 18 ÅR                 ,N,N,N,N,N,N,N,N,N,N,N
4519,04070651233,P,00102,Reid Benita                        ,Broen                              ,N,N,N,J,N,KUNDER UNDER 18 ÅR                 ,N,N,N,N,N,N,N,N,N,N,N
4519,09121480589,P,01200,Tommy Siril                        ,Skåre                              ,N,N,N,J,N,KUNDER UNDER 18 ÅR                 ,N,N,N,N,N,N,N,N,N,N,N
4519,15081504889,P,00102,Christina Sindre                   ,Smørdal                            ,N,N,N,J,N,KUNDER UNDER 18 ÅR                 ,N,N,N,N,N,N,N,N,N,N,N
4519,17081056544,P,00102,Ingo Gudrun                        ,Kalland                            ,N,N,N,J,N,KUNDER UNDER 18 ÅR                 ,N,N,N,N,N,N,N,N,N,N,N
4519,25011108000,P,00102,Juliane Gard                       ,Nysæter                            ,N,N,N,J,N,KUNDER UNDER 18 ÅR                 ,N,N,N,N,N,N,N,N,N,N,N
4519,30101025930,P,00800,Magny Borger                       ,Ruud                               ,N,N,N,J,N,KUNDER UNDER 18 ÅR                 ,N,N,N,N,N,N,N,N,N,N,N
4519,23051002997,P,00800,Bettina Babak                      ,Christensen                        ,N,N,N,J,N,KUNDER UNDER 18 ÅR                 ,N,N,N,N,N,N,N,N,N,N,N
4519,04040603927,P,01200,Yngvild Gaute                      ,Lundgård                           ,N,N,N,J,N,KUNDER UNDER 18 ÅR                 ,N,N,N,N,N,N,N,N,N,N,N
4519,02100826103,P,00800,Uzma Torbjørn                      ,Nyvold                             ,N,N,N,J,N,KUNDER UNDER 18 ÅR                 ,N,N,N,N,N,N,N,N,N,N,N
4519,01051628779,P,00102,Bjarte Monique                     ,Skjolden                           ,N,N,N,J,N,KUNDER UNDER 18 ÅR                 ,N,N,N,N,N,N,N,N,N,N,N
4519,31071230646,P,00800,Niklas Erin                        ,Dybwad                             ,N,N,N,J,N,KUNDER UNDER 18 ÅR                 ,N,N,N,N,N,N,N,N,N,N,N
4519,25081706045,P,00102,Oskar Anne-Lise                    ,Rye                                ,N,N,N,J,N,KUNDER UNDER 18 ÅR                 ,N,N,N,N,N,N,N,N,N,N,N
4519,02061311966,P,00102,Linn Søren                         ,Hodne                              ,N,N,N,J,N,KUNDER UNDER 18 ÅR                 ,N,N,N,N,N,N,N,N,N,N,N
4519,17061432671,P,00102,Erland Jolanta                     ,Bjørklund                          ,N,N,N,J,N,KUNDER UNDER 18 ÅR                 ,N,N,N,N,N,N,N,N,N,N,N
4519,15100819276,P,00900,Boye Edita                         ,Juliussen                          ,N,N,N,J,N,KUNDER UNDER 18 ÅR                 ,N,N,N,N,N,N,N,N,N,N,N
4519,23120617559,P,01200,Darius Suzanne                     ,Skogseth                           ,N,N,N,J,N,KUNDER UNDER 18 ÅR                 ,N,N,N,N,N,N,N,N,N,N,N
4519,10030712809,P,00900,Werner Asta                        ,Risvik                             ,N,N,N,J,N,KUNDER UNDER 18 ÅR                 ,N,N,N,N,N,N,N,N,N,N,N
4519,05061006178,P,00102,Andrej Giedre                      ,Veum                               ,N,N,N,J,N,KUNDER UNDER 18 ÅR                 ,N,N,N,N,N,N,N,N,N,N,N
4519,18080624995,P,01200,Anstein Mali                       ,Øiseth                             ,N,N,N,J,N,KUNDER UNDER 18 ÅR                 ,N,N,N,N,N,N,N,N,N,N,N
4519,18031615018,P,00102,Lea Melvin                         ,Moldskred                          ,N,N,N,J,N,KUNDER UNDER 18 ÅR                 ,N,N,N,N,N,N,N,N,N,N,N
4519,02011622049,P,00102,Heine Hana                         ,Aarsand                            ,N,N,N,J,N,KUNDER UNDER 18 ÅR                 ,N,N,N,N,N,N,N,N,N,N,N
4519,29100618468,P,00102,Dovile Tord                        ,Forland                            ,N,N,N,J,N,KUNDER UNDER 18 ÅR                 ,N,N,N,N,N,N,N,N,N,N,N
4519,30110808123,P,00800,Natalya Borger                     ,Vaa                                ,N,N,N,J,N,KUNDER UNDER 18 ÅR                 ,N,N,N,N,N,N,N,N,N,N,N
4519,30061133824,P,00900,Benn Asha                          ,Valde                              ,N,N,N,J,N,KUNDER UNDER 18 ÅR                 ,N,N,N,N,N,N,N,N,N,N,N
4519,25100721174,P,00102,Amer Adina                         ,Thorgersen                         ,N,N,N,J,N,KUNDER UNDER 18 ÅR                 ,N,N,N,N,N,N,N,N,N,N,N
4519,07030602131,P,00900,Sol Odd-Arne                       ,Weber                              ,N,N,N,J,N,KUNDER UNDER 18 ÅR                 ,N,N,N,N,N,N,N,N,N,N,N
4519,23071620816,P,00102,May-Brit Emilio                    ,Vestnes                            ,N,N,N,J,N,KUNDER UNDER 18 ÅR                 ,N,N,N,N,N,N,N,N,N,N,N
4519,14060818283,P,00102,Henrikke Gheorghe                  ,Xu                                 ,N,N,N,J,N,KUNDER UNDER 18 ÅR                 ,N,N,N,N,N,N,N,N,N,N,N
4519,15041124366,P,00102,Pablo Runa                         ,Dahlberg                           ,N,N,N,J,N,KUNDER UNDER 18 ÅR                 ,N,N,N,N,N,N,N,N,N,N,N
4519,26060969131,P,00800,Olle Frid                          ,Dalheim                            ,N,N,N,J,N,KUNDER UNDER 18 ÅR                 ,N,N,N,N,N,N,N,N,N,N,N
4519,21091413628,P,01200,Lucas Elma                         ,Vie                                ,N,N,N,J,N,KUNDER UNDER 18 ÅR                 ,N,N,N,N,N,N,N,N,N,N,N
4519,01080769314,P,00102,Ingunn Thorolf                     ,Stene                              ,N,N,N,J,N,KUNDER UNDER 18 ÅR                 ,N,N,N,N,N,N,N,N,N,N,N
4519,26020703473,P,01200,Tanita Frank                       ,Aukland                            ,N,N,N,J,N,KUNDER UNDER 18 ÅR                 ,N,N,N,N,N,N,N,N,N,N,N
4519,25120816856,P,00800,Nicola Christer                    ,Storsve                            ,N,N,N,J,N,KUNDER UNDER 18 ÅR                 ,N,N,N,N,N,N,N,N,N,N,N
4519,24060641141,P,00102,Randi Leon                         ,Martinsen                          ,N,N,N,J,N,KUNDER UNDER 18 ÅR                 ,N,N,N,N,N,N,N,N,N,N,N
4519,13050914415,P,01200,Bjørg Ask                          ,Torjussen                          ,N,N,N,J,N,KUNDER UNDER 18 ÅR                 ,N,N,N,N,N,N,N,N,N,N,N
4519,08121117364,P,00800,Raisa Edward                       ,Sørdal                             ,N,N,N,J,N,KUNDER UNDER 18 ÅR                 ,N,N,N,N,N,N,N,N,N,N,N
4519,01021318007,P,01200,Anna Berhane                       ,Randen                             ,N,N,N,J,N,KUNDER UNDER 18 ÅR                 ,N,N,N,N,N,N,N,N,N,N,N
4519,16111226567,P,00800,Bjørgunn Matias                    ,Toft                               ,N,N,N,J,N,KUNDER UNDER 18 ÅR                 ,N,N,N,N,N,N,N,N,N,N,N
4519,28061073290,P,00102,Margret Krzysztof                  ,Bru                                ,N,N,N,J,N,KUNDER UNDER 18 ÅR                 ,N,N,N,N,N,N,N,N,N,N,N
4519,06010633328,P,01200,Veronika Sinisa                    ,Sakshaug                           ,N,N,N,J,N,KUNDER UNDER 18 ÅR                 ,N,N,N,N,N,N,N,N,N,N,N
4519,22010735517,P,00102,Natalya Borger                     ,Skauen                             ,N,N,N,J,N,KUNDER UNDER 18 ÅR                 ,N,N,N,N,N,N,N,N,N,N,N
4519,25051106140,P,00102,Heine Anne-Kristin                 ,Lindås                             ,N,N,N,J,N,KUNDER UNDER 18 ÅR                 ,N,N,N,N,N,N,N,N,N,N,N
4519,10111177762,P,01200,Natasa Mahdi                       ,Låstad                             ,N,N,N,J,N,KUNDER UNDER 18 ÅR                 ,N,N,N,N,N,N,N,N,N,N,N
4519,02120738308,P,00800,Sol Odd-Arne                       ,Gundersen                          ,N,N,N,J,N,KUNDER UNDER 18 ÅR                 ,N,N,N,N,N,N,N,N,N,N,N
4519,26070875666,P,01200,Jade Miguel                        ,Brynjulfsen                        ,N,N,N,J,N,KUNDER UNDER 18 ÅR                 ,N,N,N,N,N,N,N,N,N,N,N
4519,14011505350,P,00900,Bjarte Ulla                        ,Mjelde                             ,N,N,N,J,N,KUNDER UNDER 18 ÅR                 ,N,N,N,N,N,N,N,N,N,N,N
4519,17030827066,P,00102,Nils Bozena                        ,Rui                                ,N,N,N,J,N,KUNDER UNDER 18 ÅR                 ,N,N,N,N,N,N,N,N,N,N,N
4519,28110915081,P,00102,Bushra Ingvard                     ,Hageland                           ,N,N,N,J,N,KUNDER UNDER 18 ÅR                 ,N,N,N,N,N,N,N,N,N,N,N
4519,03050918709,P,00102,Helen Vincent                      ,Tømte                              ,N,N,N,J,N,KUNDER UNDER 18 ÅR                 ,N,N,N,N,N,N,N,N,N,N,N
4519,23050660192,P,00800,Katrine Varg                       ,Holte                              ,N,N,N,J,N,KUNDER UNDER 18 ÅR                 ,N,N,N,N,N,N,N,N,N,N,N
4519,03100728132,P,00800,Shukri Mahdi                       ,Vevang                             ,N,N,N,J,N,KUNDER UNDER 18 ÅR                 ,N,N,N,N,N,N,N,N,N,N,N
4519,12090835678,P,00102,Sigfred Kamila                     ,Borge                              ,N,N,N,J,N,KUNDER UNDER 18 ÅR                 ,N,N,N,N,N,N,N,N,N,N,N
4519,05121414696,P,00800,Sivert Ann-Charlott                ,Breistein                          ,N,N,N,J,N,KUNDER UNDER 18 ÅR                 ,N,N,N,N,N,N,N,N,N,N,N
4519,03080612965,P,00800,Selam Harald                       ,Kvalø                              ,N,N,N,J,N,KUNDER UNDER 18 ÅR                 ,N,N,N,N,N,N,N,N,N,N,N
4519,03091353503,P,00102,Ramune Herleif                     ,Broen                              ,N,N,N,J,N,KUNDER UNDER 18 ÅR                 ,N,N,N,N,N,N,N,N,N,N,N
4519,26030611313,P,01200,Svanaug Pawel                      ,Fuglerud                           ,N,N,N,J,N,KUNDER UNDER 18 ÅR                 ,N,N,N,N,N,N,N,N,N,N,N
4519,15091027795,P,00102,Nataliia Benny                     ,Randen                             ,N,N,N,J,N,KUNDER UNDER 18 ÅR                 ,N,N,N,N,N,N,N,N,N,N,N
4519,23020781386,P,00102,Petr Margaretha                    ,Klette                             ,N,N,N,J,N,KUNDER UNDER 18 ÅR                 ,N,N,N,N,N,N,N,N,N,N,N
4519,09031631685,P,00102,Tommy Marlen                       ,Moldskred                          ,N,N,N,J,N,KUNDER UNDER 18 ÅR                 ,N,N,N,N,N,N,N,N,N,N,N
4519,28021220959,P,00900,Ngoc Knut-Erik                     ,Kittilsen                          ,N,N,N,J,N,KUNDER UNDER 18 ÅR                 ,N,N,N,N,N,N,N,N,N,N,N
4519,15100810368,P,00102,Sanna Søren                        ,Remmen                             ,N,N,N,J,N,KUNDER UNDER 18 ÅR                 ,N,N,N,N,N,N,N,N,N,N,N
4519,08120678362,P,00102,Huda Viktors                       ,Natås                              ,N,N,N,J,N,KUNDER UNDER 18 ÅR                 ,N,N,N,N,N,N,N,N,N,N,N
4519,06071155771,P,00102,Rigmor Melvin                      ,Hågensen                           ,N,N,N,J,N,KUNDER UNDER 18 ÅR                 ,N,N,N,N,N,N,N,N,N,N,N
4519,26041356811,P,01200,Ehsan Emine                        ,Ruud                               ,N,N,N,J,N,KUNDER UNDER 18 ÅR                 ,N,N,N,N,N,N,N,N,N,N,N
4519,28050626301,P,01200,Merita Egon                        ,Kvalvik                            ,N,N,N,J,N,KUNDER UNDER 18 ÅR                 ,N,N,N,N,N,N,N,N,N,N,N
4519,17021413399,P,00102,Gisela Carsten                     ,Hovden                             ,N,N,N,J,N,KUNDER UNDER 18 ÅR                 ,N,N,N,N,N,N,N,N,N,N,N
4519,12021108608,P,00800,Jens Petrine                       ,Aaland                             ,N,N,N,J,N,KUNDER UNDER 18 ÅR                 ,N,N,N,N,N,N,N,N,N,N,N
4519,15090620360,P,00800,Fadumo Bjørn-Inge                  ,Rikardsen                          ,N,N,N,J,N,KUNDER UNDER 18 ÅR                 ,N,N,N,N,N,N,N,N,N,N,N
4519,24121003607,P,01200,Ib Ramona                          ,Skår                               ,N,N,N,J,N,KUNDER UNDER 18 ÅR                 ,N,N,N,N,N,N,N,N,N,N,N
4519,31100935972,P,00900,Sima Johnny                        ,Schjølberg                         ,N,N,N,J,N,KUNDER UNDER 18 ÅR                 ,N,N,N,N,N,N,N,N,N,N,N
4519,30091324667,P,01200,Livar Alina                        ,Kalvik                             ,N,N,N,J,N,KUNDER UNDER 18 ÅR                 ,N,N,N,N,N,N,N,N,N,N,N
4519,10031628720,P,01200,Hildegard Juozas                   ,Høye                               ,J,N,N,J,N,KUNDER UNDER 18 ÅR                 ,N,N,N,N,N,N,N,N,N,N,N
4519,29011017558,P,00800,Herlaug Jari                       ,Gustad                             ,N,N,N,J,N,KUNDER UNDER 18 ÅR                 ,N,N,N,N,N,N,N,N,N,N,N
4519,29020805755,P,00102,Torkell Sahra                      ,Reiersen                           ,N,N,N,J,N,KUNDER UNDER 18 ÅR                 ,N,N,N,N,N,N,N,N,N,N,N
4519,27091117016,P,01200,Luna Valentin                      ,Malmo                              ,N,N,N,J,N,KUNDER UNDER 18 ÅR                 ,N,N,N,N,N,N,N,N,N,N,N
4519,13100955681,P,00800,Clara Julio                        ,Hosseini                           ,N,N,N,J,N,KUNDER UNDER 18 ÅR                 ,N,N,N,N,N,N,N,N,N,N,N
4519,17101328295,P,01200,Dora Muhamed                       ,Idsø                               ,N,N,N,J,N,KUNDER UNDER 18 ÅR                 ,N,N,N,N,N,N,N,N,N,N,N
4519,12110921622,P,00800,Jana Krzysztof                     ,Homme                              ,N,N,N,J,N,KUNDER UNDER 18 ÅR                 ,N,N,N,N,N,N,N,N,N,N,N
4519,30051421570,P,00900,Neil Sigita                        ,Myrvold                            ,N,N,N,J,N,KUNDER UNDER 18 ÅR                 ,N,N,N,N,N,N,N,N,N,N,N
4519,02100805203,P,00102,Anke Bruno                         ,Hausken                            ,N,N,N,J,N,KUNDER UNDER 18 ÅR                 ,N,N,N,N,N,N,N,N,N,N,N
4519,05020626978,P,01200,Frida Asbjørn                      ,Brænden                            ,N,N,N,J,N,KUNDER UNDER 18 ÅR                 ,N,N,N,N,N,N,N,N,N,N,N
4519,02111016111,P,00102,Emad Sigrund                       ,Hepsø                              ,N,N,N,J,N,KUNDER UNDER 18 ÅR                 ,N,N,N,N,N,N,N,N,N,N,N
4519,15071228026,P,00800,Joar Gro-Anita                     ,Hammerø                            ,N,N,N,J,N,KUNDER UNDER 18 ÅR                 ,N,N,N,N,N,N,N,N,N,N,N
4519,21011325650,P,00102,Robertas Lana                      ,Ringstad                           ,N,N,N,J,N,KUNDER UNDER 18 ÅR                 ,N,N,N,N,N,N,N,N,N,N,N
4519,31011436075,P,01200,Emilio Bjørg                       ,Didriksen                          ,N,N,N,J,N,KUNDER UNDER 18 ÅR                 ,N,N,N,N,N,N,N,N,N,N,N
4519,08050905331,P,00102,Cesar Una                          ,Dahlberg                           ,N,N,N,J,N,KUNDER UNDER 18 ÅR                 ,N,N,N,N,N,N,N,N,N,N,N
4519,14081421979,P,00900,Steffan Mihaela                    ,Steinnes                           ,N,N,N,J,N,KUNDER UNDER 18 ÅR                 ,N,N,N,N,N,N,N,N,N,N,N
4519,28070714096,P,00102,Erland Beret                       ,Todnem                             ,N,N,N,J,N,KUNDER UNDER 18 ÅR                 ,N,N,N,N,N,N,N,N,N,N,N
4519,16021067745,P,00102,Tony Kira                          ,Østgård                            ,N,N,N,J,N,KUNDER UNDER 18 ÅR                 ,N,N,N,N,N,N,N,N,N,N,N
4519,17011615341,P,00102,Rannveig Rune                      ,Salamonsen                         ,N,N,N,J,N,KUNDER UNDER 18 ÅR                 ,N,N,N,N,N,N,N,N,N,N,N
4519,09021314592,P,00102,Steven Dagrun                      ,Brænden                            ,N,N,N,J,N,KUNDER UNDER 18 ÅR                 ,N,N,N,N,N,N,N,N,N,N,N
4519,28110630168,P,00800,Bich Odd-Arne                      ,Aasgaard                           ,N,N,N,J,N,KUNDER UNDER 18 ÅR                 ,N,N,N,N,N,N,N,N,N,N,N
4519,01110637817,P,01200,Henrik Martyna                     ,Tømmerås                           ,N,N,N,J,N,KUNDER UNDER 18 ÅR                 ,N,N,N,N,N,N,N,N,N,N,N
4519,08111479152,P,01200,Joar Elbjørg                       ,Paulsen                            ,N,N,N,J,N,KUNDER UNDER 18 ÅR                 ,N,N,N,N,N,N,N,N,N,N,N
4519,08061222716,P,00800,Sead Sylvi                         ,Ottersen                           ,N,N,N,J,N,KUNDER UNDER 18 ÅR                 ,N,N,N,N,N,N,N,N,N,N,N
4519,11111518582,P,00102,Rigmor Abdulahi                    ,Trengereid                         ,N,N,N,J,N,KUNDER UNDER 18 ÅR                 ,N,N,N,N,N,N,N,N,N,N,N
4519,25060630758,P,00900,Brigitte Thorvald                  ,Eikrem                             ,N,N,N,J,N,KUNDER UNDER 18 ÅR                 ,N,N,N,N,N,N,N,N,N,N,N
4519,03100605472,P,00900,Alexandra Hai                      ,Carlsson                           ,N,N,N,J,N,KUNDER UNDER 18 ÅR                 ,N,N,N,N,N,N,N,N,N,N,N
4519,17040906258,P,00900,Mary-Ann Odd-Arne                  ,Sinnes                             ,N,N,N,J,N,KUNDER UNDER 18 ÅR                 ,N,N,N,N,N,N,N,N,N,N,N
4519,15011102945,P,00102,Stella Thorleif                    ,Bjørsvik                           ,N,N,N,J,N,KUNDER UNDER 18 ÅR                 ,N,N,N,N,N,N,N,N,N,N,N
4519,25081103588,P,00900,Juozas Sabine                      ,Berstad                            ,N,N,N,J,N,KUNDER UNDER 18 ÅR                 ,N,N,N,N,N,N,N,N,N,N,N
4519,06010731257,P,01200,Matilde Marius                     ,Lidal                              ,N,N,N,J,N,KUNDER UNDER 18 ÅR                 ,N,N,N,N,N,N,N,N,N,N,N
4519,26041300018,P,01200,Reid Sofie                         ,Saleh                              ,N,N,N,J,N,KUNDER UNDER 18 ÅR                 ,N,N,N,N,N,N,N,N,N,N,N
4519,10100822003,P,00102,Evy Julian                         ,Skjerve                            ,N,N,N,J,N,KUNDER UNDER 18 ÅR                 ,N,N,N,N,N,N,N,N,N,N,N
4519,24040859442,P,01200,Bernhard Berte                     ,Hoffmann                           ,N,N,N,J,N,KUNDER UNDER 18 ÅR                 ,N,N,N,N,N,N,N,N,N,N,N
4519,30070641751,P,00800,Patric Oda                         ,Skauen                             ,N,N,N,J,N,KUNDER UNDER 18 ÅR                 ,N,N,N,N,N,N,N,N,N,N,N
4519,22121004775,P,00800,Yulia Marcelo                      ,Heggheim                           ,N,N,N,J,N,KUNDER UNDER 18 ÅR                 ,N,N,N,N,N,N,N,N,N,N,N
4519,15081027452,P,01200,Mari Sivert                        ,Ekeland                            ,N,N,N,J,N,KUNDER UNDER 18 ÅR                 ,N,N,N,N,N,N,N,N,N,N,N
4519,20080921374,P,00900,Raimondas Enid                     ,Opsal                              ,N,N,N,J,N,KUNDER UNDER 18 ÅR                 ,N,N,N,N,N,N,N,N,N,N,N
4519,16081165371,P,01200,Margunn Kenny                      ,Skjetne                            ,N,N,N,J,N,KUNDER UNDER 18 ÅR                 ,N,N,N,N,N,N,N,N,N,N,N
4519,19111002323,P,00800,Rodney Carolina                    ,Thunes                             ,N,N,N,J,N,KUNDER UNDER 18 ÅR                 ,N,N,N,N,N,N,N,N,N,N,N
4519,11041428041,P,00102,Elle Ricardo                       ,Nordby                             ,N,N,N,J,N,KUNDER UNDER 18 ÅR                 ,N,N,N,N,N,N,N,N,N,N,N
4519,19011278046,P,00102,Tristan Ariana                     ,Sanden                             ,N,N,N,J,N,KUNDER UNDER 18 ÅR                 ,N,N,N,N,N,N,N,N,N,N,N
4519,11040925718,P,00102,Valdemar Thordis                   ,Vestnes                            ,N,N,N,J,N,KUNDER UNDER 18 ÅR                 ,N,N,N,N,N,N,N,N,N,N,N
4519,19050939947,P,00900,Monique Stuart                     ,Nepstad                            ,J,N,N,J,N,KUNDER UNDER 18 ÅR                 ,N,N,N,N,N,N,N,N,N,N,N
4519,10110716708,P,01200,Gordon Milena                      ,Osmundsen                          ,N,N,N,J,N,KUNDER UNDER 18 ÅR                 ,N,N,N,N,N,N,N,N,N,N,N
4519,15091302583,P,00800,Betsy Billy                        ,Stornes                            ,N,N,N,J,N,KUNDER UNDER 18 ÅR                 ,N,N,N,N,N,N,N,N,N,N,N
4519,17011307418,P,00900,Oddbjørg Milian                    ,Olaussen                           ,N,N,N,J,N,KUNDER UNDER 18 ÅR                 ,N,N,N,N,N,N,N,N,N,N,N
4519,12081039338,P,00102,Mogens Sana                        ,Bøe                                ,N,N,N,J,N,KUNDER UNDER 18 ÅR                 ,N,N,N,N,N,N,N,N,N,N,N
4519,31050834746,P,01200,Rigmor Borger                      ,Sortland                           ,N,N,N,J,N,KUNDER UNDER 18 ÅR                 ,N,N,N,N,N,N,N,N,N,N,N
4519,25071306162,P,00900,Yassin Margun                      ,Aksnes                             ,N,N,N,J,N,KUNDER UNDER 18 ÅR                 ,N,N,N,N,N,N,N,N,N,N,N
4519,07080709271,P,00102,Bjarnhild Torgny                   ,Vevang                             ,N,N,N,J,N,KUNDER UNDER 18 ÅR                 ,N,N,N,N,N,N,N,N,N,N,N
4519,08081039624,P,01200,Shirley Sasa                       ,Mohammed                           ,N,N,N,J,N,KUNDER UNDER 18 ÅR                 ,N,N,N,N,N,N,N,N,N,N,N
4519,02091522724,P,00800,Tore Alva                          ,Liknes                             ,N,N,N,J,N,KUNDER UNDER 18 ÅR                 ,N,N,N,N,N,N,N,N,N,N,N
4519,19051158655,P,00900,Vilma Aslak                        ,Hovin                              ,N,N,N,J,N,KUNDER UNDER 18 ÅR                 ,N,N,N,N,N,N,N,N,N,N,N
4519,15020822101,P,00800,Jorge Juliet                       ,Stubberud                          ,N,N,N,J,N,KUNDER UNDER 18 ÅR                 ,N,N,N,N,N,N,N,N,N,N,N
4519,31050737287,P,01200,Seline Mindaugas                   ,Sjølie                             ,N,N,N,J,N,KUNDER UNDER 18 ÅR                 ,N,N,N,N,N,N,N,N,N,N,N
4519,19031201694,P,00800,Håvard Fanny                       ,Stubberud                          ,N,N,N,J,N,KUNDER UNDER 18 ÅR                 ,N,N,N,N,N,N,N,N,N,N,N
4519,14020920182,P,00900,Hroar Jutta                        ,Sulen                              ,N,N,N,J,N,KUNDER UNDER 18 ÅR                 ,N,N,N,N,N,N,N,N,N,N,N
4519,18051429989,P,00102,Ib Annelise                        ,Hokstad                            ,N,N,N,J,N,KUNDER UNDER 18 ÅR                 ,N,N,N,N,N,N,N,N,N,N,N
4519,05081126528,P,00102,Andrius Kristina                   ,Tonstad                            ,N,N,N,J,N,KUNDER UNDER 18 ÅR                 ,N,N,N,N,N,N,N,N,N,N,N
4519,03111218365,P,00800,Marton Thao                        ,Lynum                              ,N,N,N,J,N,KUNDER UNDER 18 ÅR                 ,N,N,N,N,N,N,N,N,N,N,N
4519,15021575329,P,00102,Thorsten Hild                      ,Lilleby                            ,N,N,N,J,N,KUNDER UNDER 18 ÅR                 ,N,N,N,N,N,N,N,N,N,N,N
4519,10050923415,P,00900,Alida Mirza                        ,Andvik                             ,N,N,N,J,N,KUNDER UNDER 18 ÅR                 ,N,N,N,N,N,N,N,N,N,N,N
4519,10020920640,P,00102,Marcel Frøya                       ,Abdi                               ,N,N,N,J,N,KUNDER UNDER 18 ÅR                 ,N,N,N,N,N,N,N,N,N,N,N
4519,31051161427,P,00102,Oddlaug Wiktor                     ,Vindenes                           ,N,N,N,J,N,KUNDER UNDER 18 ÅR                 ,N,N,N,N,N,N,N,N,N,N,N
4519,17101113647,P,01200,Juozas Bergljot                    ,Hjelmeland                         ,N,N,N,J,N,KUNDER UNDER 18 ÅR                 ,N,N,N,N,N,N,N,N,N,N,N
4519,10121526080,P,01200,Robertas Marja                     ,Rahman                             ,N,N,N,J,N,KUNDER UNDER 18 ÅR                 ,N,N,N,N,N,N,N,N,N,N,N
4519,07021028384,P,00102,Linn-Kristin Dmitri                ,Lauritsen                          ,N,N,N,J,N,KUNDER UNDER 18 ÅR                 ,N,N,N,N,N,N,N,N,N,N,N
4519,20091112257,P,01200,Justas Lana                        ,Grønås                             ,N,N,N,J,N,KUNDER UNDER 18 ÅR                 ,N,N,N,N,N,N,N,N,N,N,N
4519,16020815144,P,00102,Minna Istvan                       ,Nymark                             ,N,N,N,J,N,KUNDER UNDER 18 ÅR                 ,N,N,N,N,N,N,N,N,N,N,N
4519,26101315621,P,01200,Lidia Noel                         ,Fagerheim                          ,N,N,N,J,N,KUNDER UNDER 18 ÅR                 ,N,N,N,N,N,N,N,N,N,N,N
4519,07070875815,P,00800,Rosa Sune                          ,Bjørkheim                          ,N,N,N,J,N,KUNDER UNDER 18 ÅR                 ,N,N,N,N,N,N,N,N,N,N,N
4519,29110728512,P,00900,Biniam Daniella                    ,Høie                               ,N,N,N,J,N,KUNDER UNDER 18 ÅR                 ,N,N,N,N,N,N,N,N,N,N,N
4519,16071331303,P,00102,Enya Kato                          ,Sveen                              ,N,N,N,J,N,KUNDER UNDER 18 ÅR                 ,N,N,N,N,N,N,N,N,N,N,N
4519,12070768621,P,00102,Mariam Kim-Andre                   ,Svensson                           ,N,N,N,J,N,KUNDER UNDER 18 ÅR                 ,N,N,N,N,N,N,N,N,N,N,N
4519,26121330155,P,00900,Kai Isabelle                       ,Bjønnes                            ,N,N,N,J,N,KUNDER UNDER 18 ÅR                 ,N,N,N,N,N,N,N,N,N,N,N
4519,21060916338,P,00102,Fredrik Dordi                      ,Sanden                             ,N,N,N,J,N,KUNDER UNDER 18 ÅR                 ,N,N,N,N,N,N,N,N,N,N,N
4519,15041128701,P,01200,Ulrikke Mladen                     ,Osmundsen                          ,N,N,N,J,N,KUNDER UNDER 18 ÅR                 ,N,N,N,N,N,N,N,N,N,N,N
4519,28080970325,P,00900,Majken Albin                       ,Narum                              ,N,N,N,J,N,KUNDER UNDER 18 ÅR                 ,N,N,N,N,N,N,N,N,N,N,N
4519,02121203890,P,00102,Birgitta Hai                       ,Ekeland                            ,N,N,N,J,N,KUNDER UNDER 18 ÅR                 ,N,N,N,N,N,N,N,N,N,N,N
4519,22071503554,P,00102,Karstein Paula                     ,Skauen                             ,N,N,N,J,N,KUNDER UNDER 18 ÅR                 ,N,N,N,N,N,N,N,N,N,N,N
4519,17111407053,P,00105,Bjarnhild Fabio                    ,Vindenes                           ,N,N,N,J,N,KUNDER UNDER 18 ÅR                 ,N,N,N,N,N,N,N,N,N,N,N
4519,27040904722,P,00102,Ylva Valentin                      ,Hovden                             ,N,N,N,J,N,KUNDER UNDER 18 ÅR                 ,N,N,N,N,N,N,N,N,N,N,N
4519,10011004607,P,00102,Susann Florian                     ,Butt                               ,N,N,N,J,N,KUNDER UNDER 18 ÅR                 ,N,N,N,N,N,N,N,N,N,N,N
4519,04030705020,P,00800,Anastasia Alex                     ,Homme                              ,N,N,N,J,N,KUNDER UNDER 18 ÅR                 ,N,N,N,N,N,N,N,N,N,N,N
4519,30081012721,P,00102,Elke Francisco                     ,Sunde                              ,N,N,N,J,N,KUNDER UNDER 18 ÅR                 ,N,N,N,N,N,N,N,N,N,N,N
4519,08011076417,P,00102,Paal Anne-Marie                    ,Gunnarsson                         ,N,N,N,J,N,KUNDER UNDER 18 ÅR                 ,N,N,N,N,N,N,N,N,N,N,N
4519,27041155359,P,01200,Weronica Evert                     ,Hynne                              ,N,N,N,J,N,KUNDER UNDER 18 ÅR                 ,N,N,N,N,N,N,N,N,N,N,N
4519,26010615940,P,00102,Fartun Kim-Andre                   ,Storeide                           ,N,N,N,J,N,KUNDER UNDER 18 ÅR                 ,N,N,N,N,N,N,N,N,N,N,N
4519,14111330701,P,00800,Frithjof Sigvor                    ,Algrøy                             ,N,N,N,J,N,KUNDER UNDER 18 ÅR                 ,N,N,N,N,N,N,N,N,N,N,N
4519,22051429692,P,00800,Gabriella Jann                     ,Østlie                             ,N,N,N,J,N,KUNDER UNDER 18 ÅR                 ,N,N,N,N,N,N,N,N,N,N,N
4519,11051309040,P,00102,Rino Gro                           ,Almli                              ,N,N,N,J,N,KUNDER UNDER 18 ÅR                 ,N,N,N,N,N,N,N,N,N,N,N
4519,21081402024,P,00102,Arnulf Lise-Lotte                  ,Østgaard                           ,N,N,N,J,N,KUNDER UNDER 18 ÅR                 ,N,N,N,N,N,N,N,N,N,N,N
4519,24101404303,P,00102,Nerijus Ane                        ,Karimi                             ,N,N,N,J,N,KUNDER UNDER 18 ÅR                 ,N,N,N,N,N,N,N,N,N,N,N
4519,16020652792,P,00800,Ståle Irmelin                      ,Olsvik                             ,N,N,N,J,N,KUNDER UNDER 18 ÅR                 ,N,N,N,N,N,N,N,N,N,N,N
4519,02040915713,P,00102,Denis Synneve                      ,Wolff                              ,N,N,N,J,N,KUNDER UNDER 18 ÅR                 ,N,N,N,N,N,N,N,N,N,N,N
4519,28030767782,P,01200,Edmund Connie                      ,Steinnes                           ,N,N,N,J,N,KUNDER UNDER 18 ÅR                 ,N,N,N,N,N,N,N,N,N,N,N
4519,08081269573,P,00800,Yassin Judy                        ,Espeseth                           ,N,N,N,J,N,KUNDER UNDER 18 ÅR                 ,N,N,N,N,N,N,N,N,N,N,N
4519,30031058917,P,00900,Anne-Grete Helmut                  ,Bjerkli                            ,N,N,N,J,N,KUNDER UNDER 18 ÅR                 ,N,N,N,N,N,N,N,N,N,N,N
4519,16040704780,P,00102,Olivia Boye                        ,Kleiven                            ,N,N,N,J,N,KUNDER UNDER 18 ÅR                 ,N,N,N,N,N,N,N,N,N,N,N
4519,24060801041,P,00800,Anh Stig                           ,Aanestad                           ,N,N,N,J,N,KUNDER UNDER 18 ÅR                 ,N,N,N,N,N,N,N,N,N,N,N
4519,16061576979,P,00102,Morteza Beatriz                    ,Mælen                              ,N,N,N,J,N,KUNDER UNDER 18 ÅR                 ,N,N,N,N,N,N,N,N,N,N,N
4519,20020740524,P,00900,Borger Embla                       ,Ekeland                            ,N,N,N,J,N,KUNDER UNDER 18 ÅR                 ,N,N,N,N,N,N,N,N,N,N,N
4519,23020809671,P,00102,Raimondas Juliet                   ,Hovden                             ,N,N,N,J,N,KUNDER UNDER 18 ÅR                 ,N,N,N,N,N,N,N,N,N,N,N
4519,14070620856,P,01200,Fillip Jessica                     ,Vassdal                            ,N,N,N,J,N,KUNDER UNDER 18 ÅR                 ,N,N,N,N,N,N,N,N,N,N,N
4519,05071318194,P,00102,Juliet Thorleif                    ,Nordgaard                          ,N,N,N,J,N,KUNDER UNDER 18 ÅR                 ,N,N,N,N,N,N,N,N,N,N,N
4519,28011019600,P,00102,Dordi Knut-Erik                    ,Gustavsen                          ,N,N,N,J,N,KUNDER UNDER 18 ÅR                 ,N,N,N,N,N,N,N,N,N,N,N
4519,24120624918,P,00102,Rimantas Embla                     ,Hilstad                            ,N,N,N,J,N,KUNDER UNDER 18 ÅR                 ,N,N,N,N,N,N,N,N,N,N,N
4519,23020820365,P,01200,Gordon Milena                      ,Elde                               ,N,N,N,J,N,KUNDER UNDER 18 ÅR                 ,N,N,N,N,N,N,N,N,N,N,N
4519,24101716259,P,01200,Torsten Juliane                    ,Mork                               ,N,N,N,J,N,KUNDER UNDER 18 ÅR                 ,N,N,N,N,N,N,N,N,N,N,N
4519,16041476463,P,01200,Catherine Berge                    ,Nymo                               ,N,N,N,J,N,KUNDER UNDER 18 ÅR                 ,N,N,N,N,N,N,N,N,N,N,N
4519,04081233344,P,00102,Valentina Irfan                    ,Hjelle                             ,N,N,N,J,N,KUNDER UNDER 18 ÅR                 ,N,N,N,N,N,N,N,N,N,N,N
4519,27111335848,P,01200,Emma Edward                        ,Miljeteig                          ,N,N,N,J,N,KUNDER UNDER 18 ÅR                 ,N,N,N,N,N,N,N,N,N,N,N
4519,08021006115,P,01200,Andrius Vibecke                    ,Kyvik                              ,N,N,N,J,N,KUNDER UNDER 18 ÅR                 ,N,N,N,N,N,N,N,N,N,N,N
4519,14041071606,P,00102,Uno Rahma                          ,Hinna                              ,N,N,N,J,N,KUNDER UNDER 18 ÅR                 ,N,N,N,N,N,N,N,N,N,N,N
4519,26091203285,P,01200,Tony Bergitte                      ,Mork                               ,N,N,N,J,N,KUNDER UNDER 18 ÅR                 ,N,N,N,N,N,N,N,N,N,N,N
4519,13061102412,P,01200,Ehsan Carmen                       ,Hynne                              ,N,N,N,J,N,KUNDER UNDER 18 ÅR                 ,N,N,N,N,N,N,N,N,N,N,N
4519,31030725142,P,00900,Harald Zara                        ,Jevne                              ,J,N,N,J,N,KUNDER UNDER 18 ÅR                 ,N,N,N,N,N,N,N,N,N,N,N
4519,22070716244,P,00800,Mattis Renate                      ,Salte                              ,N,N,N,J,N,KUNDER UNDER 18 ÅR                 ,N,N,N,N,N,N,N,N,N,N,N
4519,29070675399,P,01200,Senad Dorte                        ,Fiske                              ,N,N,N,J,N,KUNDER UNDER 18 ÅR                 ,N,N,N,N,N,N,N,N,N,N,N
4519,26041419848,P,00900,Karin Maciej                       ,Haugo                              ,N,N,N,J,N,KUNDER UNDER 18 ÅR                 ,N,N,N,N,N,N,N,N,N,N,N
4519,03121412283,P,06008,Sigri Berge                        ,Stubberud                          ,N,N,N,J,N,KUNDER UNDER 18 ÅR                 ,N,N,N,N,N,N,N,N,N,N,N
4519,05060753557,P,00900,Karwan Ilze                        ,Nysæther                           ,N,N,N,J,N,KUNDER UNDER 18 ÅR                 ,N,N,N,N,N,N,N,N,N,N,N
4519,30091123912,P,00102,Jens Rine                          ,Aarskog                            ,N,N,N,J,N,KUNDER UNDER 18 ÅR                 ,N,N,N,N,N,N,N,N,N,N,N
4519,05080711222,P,00102,Kai Solveig                        ,Løvstad                            ,N,N,N,J,N,KUNDER UNDER 18 ÅR                 ,N,N,N,N,N,N,N,N,N,N,N
4519,25081317413,P,00900,Maksim Ella                        ,Åsland                             ,N,N,N,J,N,KUNDER UNDER 18 ÅR                 ,N,N,N,N,N,N,N,N,N,N,N
4519,17110833903,P,01200,Joyce Gheorghe                     ,Pollestad                          ,N,N,N,J,N,KUNDER UNDER 18 ÅR                 ,N,N,N,N,N,N,N,N,N,N,N
4519,16121018210,P,01200,Danijela Umar                      ,Finnesand                          ,N,N,N,J,N,KUNDER UNDER 18 ÅR                 ,N,N,N,N,N,N,N,N,N,N,N
4519,05081410919,P,00900,Zlatko Enya                        ,Alsvik                             ,N,N,N,J,N,KUNDER UNDER 18 ÅR                 ,N,N,N,N,N,N,N,N,N,N,N
4519,10011290278,P,01200,Solvår Jari                        ,Lysø                               ,N,N,N,J,N,KUNDER UNDER 18 ÅR                 ,N,N,N,N,N,N,N,N,N,N,N
4519,04020709214,P,00102,Nadine Ion                         ,Oppegård                           ,N,N,N,J,N,KUNDER UNDER 18 ÅR                 ,N,N,N,N,N,N,N,N,N,N,N
4519,19021317791,P,01200,Margret Dario                      ,Grøndal                            ,N,N,N,J,N,KUNDER UNDER 18 ÅR                 ,N,N,N,N,N,N,N,N,N,N,N
4519,08111404489,P,00102,Bjørghild Skule                    ,Monstad                            ,N,N,N,J,N,KUNDER UNDER 18 ÅR                 ,N,N,N,N,N,N,N,N,N,N,N
4519,22100627764,P,00800,Ylva Valentin                      ,Breivik                            ,N,N,N,J,N,KUNDER UNDER 18 ÅR                 ,N,N,N,N,N,N,N,N,N,N,N
4519,23031202191,P,01200,Karwan Taran                       ,Brænden                            ,N,N,N,J,N,KUNDER UNDER 18 ÅR                 ,N,N,N,N,N,N,N,N,N,N,N
4519,15100942388,P,01200,Synne Mateo                        ,Nordby                             ,N,N,N,J,N,KUNDER UNDER 18 ÅR                 ,N,N,N,N,N,N,N,N,N,N,N
4519,08100818257,P,00102,Jorunn Gregor                      ,Ims                                ,N,N,N,J,N,KUNDER UNDER 18 ÅR                 ,N,N,N,N,N,N,N,N,N,N,N
4519,08031480168,P,00102,Solvor Dean                        ,Fure                               ,J,N,N,J,N,KUNDER UNDER 18 ÅR                 ,N,N,N,N,N,N,N,N,N,N,N
4519,08100741408,P,00102,Normann Lin                        ,Robertsen                          ,N,N,N,J,N,KUNDER UNDER 18 ÅR                 ,N,N,N,N,N,N,N,N,N,N,N
4519,08071523390,P,00102,Glen Jette                         ,Fjellestad                         ,N,N,N,J,N,KUNDER UNDER 18 ÅR                 ,N,N,N,N,N,N,N,N,N,N,N
4519,11010777811,P,00102,Beata Joakim                       ,Englund                            ,N,N,N,J,N,KUNDER UNDER 18 ÅR                 ,N,N,N,N,N,N,N,N,N,N,N
4519,29111211181,P,00102,Sanne Hans                         ,Opsal                              ,N,N,N,J,N,KUNDER UNDER 18 ÅR                 ,N,N,N,N,N,N,N,N,N,N,N
4519,18080646417,P,00800,Alida Emilio                       ,Le                                 ,N,N,N,J,N,KUNDER UNDER 18 ÅR                 ,N,N,N,N,N,N,N,N,N,N,N
4519,29061204944,P,00102,Doris Benn                         ,Toresen                            ,N,N,N,J,N,KUNDER UNDER 18 ÅR                 ,N,N,N,N,N,N,N,N,N,N,N
4519,01041569774,P,00800,Elvira Ari                         ,Knutsen                            ,N,N,N,J,N,KUNDER UNDER 18 ÅR                 ,N,N,N,N,N,N,N,N,N,N,N
4519,11021510086,P,00800,Noel Christina                     ,Brænden                            ,N,N,N,J,N,KUNDER UNDER 18 ÅR                 ,N,N,N,N,N,N,N,N,N,N,N
4519,13051301832,P,01200,Vårin Varg                         ,Rikardsen                          ,N,N,N,J,N,KUNDER UNDER 18 ÅR                 ,N,N,N,N,N,N,N,N,N,N,N
4519,16061019107,P,00102,Ahmet Julija                       ,Soleng                             ,N,N,N,J,N,KUNDER UNDER 18 ÅR                 ,N,N,N,N,N,N,N,N,N,N,N
4519,29091125631,P,00102,Anne-Karin Lars-Erik               ,Tafjord                            ,N,N,N,J,N,KUNDER UNDER 18 ÅR                 ,N,N,N,N,N,N,N,N,N,N,N
4519,30041212450,P,00800,Nils Thu                           ,Rikardsen                          ,N,N,N,J,N,KUNDER UNDER 18 ÅR                 ,N,N,N,N,N,N,N,N,N,N,N
4519,12011108456,P,01200,Shahzad Jonna                      ,Molund                             ,N,N,N,J,N,KUNDER UNDER 18 ÅR                 ,N,N,N,N,N,N,N,N,N,N,N
4519,23090626205,P,00102,Norma Mattis                       ,Sandersen                          ,J,N,N,J,N,KUNDER UNDER 18 ÅR                 ,N,N,N,N,N,N,N,N,N,N,N
4519,19081106943,P,00800,Henrik Beret                       ,Vevang                             ,N,N,N,J,N,KUNDER UNDER 18 ÅR                 ,N,N,N,N,N,N,N,N,N,N,N
4519,15010821409,P,01200,Vibecke Mathis                     ,Stornes                            ,N,N,N,J,N,KUNDER UNDER 18 ÅR                 ,N,N,N,N,N,N,N,N,N,N,N
4519,14051366078,P,00102,Eleni Oddmund                      ,Balstad                            ,J,N,N,J,N,KUNDER UNDER 18 ÅR                 ,N,N,N,N,N,N,N,N,N,N,N
4519,19061203160,P,00900,Morteza Sandra                     ,Eidsvik                            ,N,N,N,J,N,KUNDER UNDER 18 ÅR                 ,N,N,N,N,N,N,N,N,N,N,N
4519,09020975501,P,00102,Rigmor Abdulahi                    ,Evjen                              ,N,N,N,J,N,KUNDER UNDER 18 ÅR                 ,N,N,N,N,N,N,N,N,N,N,N
4519,24060819048,P,00800,Cristian Margret                   ,Fylling                            ,N,N,N,J,N,KUNDER UNDER 18 ÅR                 ,N,N,N,N,N,N,N,N,N,N,N
4519,13061432625,P,00800,Iben Elsebeth                      ,Nyvoll                             ,N,N,N,J,N,KUNDER UNDER 18 ÅR                 ,N,N,N,N,N,N,N,N,N,N,N
4519,26081065674,P,00900,Ernestas Jasmina                   ,Nesheim                            ,N,N,N,J,N,KUNDER UNDER 18 ÅR                 ,N,N,N,N,N,N,N,N,N,N,N
4519,08051424183,P,00800,Emad Teresa                        ,Slåtten                            ,N,N,N,J,N,KUNDER UNDER 18 ÅR                 ,N,N,N,N,N,N,N,N,N,N,N
4519,04031032801,P,00800,Amer Kari-Anne                     ,Kihle                              ,N,N,N,J,N,KUNDER UNDER 18 ÅR                 ,N,N,N,N,N,N,N,N,N,N,N
4519,10061307090,P,00102,Jens Agneta                        ,Høie                               ,N,N,N,J,N,KUNDER UNDER 18 ÅR                 ,N,N,N,N,N,N,N,N,N,N,N
4519,29041069986,P,00102,Jafar Thordis                      ,Svensson                           ,N,N,N,J,N,KUNDER UNDER 18 ÅR                 ,N,N,N,N,N,N,N,N,N,N,N
4519,21091308964,P,00102,Isaac Hanan                        ,Sæbø                               ,N,N,N,J,N,KUNDER UNDER 18 ÅR                 ,N,N,N,N,N,N,N,N,N,N,N
4519,27061472431,P,00800,Irena Alv                          ,Vold                               ,N,N,N,J,N,KUNDER UNDER 18 ÅR                 ,N,N,N,N,N,N,N,N,N,N,N
4519,09011304297,P,00900,Yassin Anne-Cathrine               ,Loe                                ,N,N,N,J,N,KUNDER UNDER 18 ÅR                 ,N,N,N,N,N,N,N,N,N,N,N
4519,20110723513,P,00800,Lis Maciej                         ,Grødem                             ,N,N,N,J,N,KUNDER UNDER 18 ÅR                 ,N,N,N,N,N,N,N,N,N,N,N
4519,08081626449,P,00102,Inghild Frederik                   ,Klokk                              ,N,N,N,J,N,KUNDER UNDER 18 ÅR                 ,N,N,N,N,N,N,N,N,N,N,N
4519,21120904423,P,00900,Marcel Ann-Christin                ,Forland                            ,N,N,N,J,N,KUNDER UNDER 18 ÅR                 ,N,N,N,N,N,N,N,N,N,N,N
4519,27011004712,P,00900,Halimo Ingvard                     ,Halden                             ,N,N,N,J,N,KUNDER UNDER 18 ÅR                 ,N,N,N,N,N,N,N,N,N,N,N
4519,14011052232,P,01200,Mussie Kari-Ann                    ,Steinnes                           ,N,N,N,J,N,KUNDER UNDER 18 ÅR                 ,N,N,N,N,N,N,N,N,N,N,N
4519,01020621601,P,00102,Iveta Gaute                        ,Stamnes                            ,N,N,N,J,N,KUNDER UNDER 18 ÅR                 ,N,N,N,N,N,N,N,N,N,N,N
4519,02101263625,P,00102,Anne-Gro Benn                      ,Skarstad                           ,N,N,N,J,N,KUNDER UNDER 18 ÅR                 ,N,N,N,N,N,N,N,N,N,N,N
4519,26120878106,P,00900,Frithjof Samantha                  ,Løvstad                            ,N,N,N,J,N,KUNDER UNDER 18 ÅR                 ,N,N,N,N,N,N,N,N,N,N,N
4519,05020908582,P,00102,Ann-Helen Stein-Erik               ,Knutsen                            ,N,N,N,J,N,KUNDER UNDER 18 ÅR                 ,N,N,N,N,N,N,N,N,N,N,N
4519,27031402846,P,00102,Ahmed Ivana                        ,Olaussen                           ,N,N,N,J,N,KUNDER UNDER 18 ÅR                 ,N,N,N,N,N,N,N,N,N,N,N
4519,02070809489,P,01200,Birgitta Helmer                    ,Lundgård                           ,N,N,N,J,N,KUNDER UNDER 18 ÅR                 ,N,N,N,N,N,N,N,N,N,N,N
4519,16090700123,P,00102,Abdirashid Edith                   ,Fidjeland                          ,N,N,N,J,N,KUNDER UNDER 18 ÅR                 ,N,N,N,N,N,N,N,N,N,N,N
4519,11050726217,P,00102,Angelica Birger                    ,Fagerheim                          ,N,N,N,J,N,KUNDER UNDER 18 ÅR                 ,N,N,N,N,N,N,N,N,N,N,N
4519,26020613849,P,01200,Ingve Ingegerd                     ,Munkvold                           ,N,N,N,J,N,KUNDER UNDER 18 ÅR                 ,N,N,N,N,N,N,N,N,N,N,N
4519,01090927465,P,01200,Adnan Dina                         ,Klemetsen                          ,N,N,N,J,N,KUNDER UNDER 18 ÅR                 ,N,N,N,N,N,N,N,N,N,N,N
4519,03110711777,P,00102,Eli Boye                           ,Aaserud                            ,N,N,N,J,N,KUNDER UNDER 18 ÅR                 ,N,N,N,N,N,N,N,N,N,N,N
4519,13041012808,P,00800,Reidun Fernando                    ,Bækken                             ,N,N,N,J,N,KUNDER UNDER 18 ÅR                 ,N,N,N,N,N,N,N,N,N,N,N
4519,24121115359,P,01200,Emilio Hallfrid                    ,Ruud                               ,N,N,N,J,N,KUNDER UNDER 18 ÅR                 ,N,N,N,N,N,N,N,N,N,N,N
4519,11111404900,P,00102,Adnan Ruby                         ,Rikardsen                          ,N,N,N,J,N,KUNDER UNDER 18 ÅR                 ,N,N,N,N,N,N,N,N,N,N,N
4519,18020728635,P,00800,Cristian Tone-Lise                 ,Fjellestad                         ,N,N,N,J,N,KUNDER UNDER 18 ÅR                 ,N,N,N,N,N,N,N,N,N,N,N
4519,17041506555,P,00102,Sajjad Eileen                      ,Storsve                            ,N,N,N,J,N,KUNDER UNDER 18 ÅR                 ,N,N,N,N,N,N,N,N,N,N,N
4519,01050927829,P,00102,Joy Jan-Fredrik                    ,Hallan                             ,N,N,N,J,N,KUNDER UNDER 18 ÅR                 ,N,N,N,N,N,N,N,N,N,N,N
4519,02120685778,P,00800,Stein Pamela                       ,Lockert                            ,N,N,N,J,N,KUNDER UNDER 18 ÅR                 ,N,N,N,N,N,N,N,N,N,N,N
4519,24051104524,P,01200,Agathe Søren                       ,Aziz                               ,N,N,N,J,N,KUNDER UNDER 18 ÅR                 ,N,N,N,N,N,N,N,N,N,N,N
4519,18071612283,P,00800,Petr Eira                          ,Vaa                                ,N,N,N,J,N,KUNDER UNDER 18 ÅR                 ,N,N,N,N,N,N,N,N,N,N,N
4519,08070909414,P,01200,Katrin Pieter                      ,Guttorm                            ,N,N,N,J,N,KUNDER UNDER 18 ÅR                 ,N,N,N,N,N,N,N,N,N,N,N
4519,18011046742,P,00102,Raja Rosa                          ,Hindenes                           ,J,N,N,J,N,KUNDER UNDER 18 ÅR                 ,N,N,N,N,N,N,N,N,N,N,N
4519,27040707080,P,00800,Ann-Sofie Ion                      ,Berg                               ,N,N,N,J,N,KUNDER UNDER 18 ÅR                 ,N,N,N,N,N,N,N,N,N,N,N
4519,27050900881,P,00800,Usman Jofrid                       ,Eide                               ,N,N,N,J,N,KUNDER UNDER 18 ÅR                 ,N,N,N,N,N,N,N,N,N,N,N
4519,26041373023,P,00102,Knud Nadia                         ,Fotland                            ,N,N,N,J,N,KUNDER UNDER 18 ÅR                 ,N,N,N,N,N,N,N,N,N,N,N
4519,17021012289,P,00102,Gordon Amira                       ,Frydenlund                         ,N,N,N,J,N,KUNDER UNDER 18 ÅR                 ,N,N,N,N,N,N,N,N,N,N,N
4519,06080675249,P,00800,Hussain Elbjørg                    ,Opseth                             ,N,N,N,J,N,KUNDER UNDER 18 ÅR                 ,N,N,N,N,N,N,N,N,N,N,N
4519,06070801572,P,00900,Lucas Ena                          ,Kvia                               ,N,N,N,J,N,KUNDER UNDER 18 ÅR                 ,N,N,N,N,N,N,N,N,N,N,N
4519,28020639360,P,00102,Siw Njål                           ,Klokk                              ,N,N,N,J,N,KUNDER UNDER 18 ÅR                 ,N,N,N,N,N,N,N,N,N,N,N
4519,13081129082,P,00800,Knud Ljiljana                      ,Sørbø                              ,N,N,N,J,N,KUNDER UNDER 18 ÅR                 ,N,N,N,N,N,N,N,N,N,N,N
4519,14070935687,P,00102,Gabriele Tord                      ,Osmundsen                          ,N,N,N,J,N,KUNDER UNDER 18 ÅR                 ,N,N,N,N,N,N,N,N,N,N,N
4519,02011075951,P,00900,Joacim Katalin                     ,Brænden                            ,N,N,N,J,N,KUNDER UNDER 18 ÅR                 ,N,N,N,N,N,N,N,N,N,N,N
4519,02081308023,P,01200,Mika Hild                          ,Fadnes                             ,N,N,N,J,N,KUNDER UNDER 18 ÅR                 ,N,N,N,N,N,N,N,N,N,N,N
4519,05090733178,P,00102,Ingmar Anne-Marie                  ,Skogvoll                           ,N,N,N,J,N,KUNDER UNDER 18 ÅR                 ,N,N,N,N,N,N,N,N,N,N,N
4519,25081701906,P,00102,Vibekke Wiktor                     ,Hystad                             ,N,N,N,J,N,KUNDER UNDER 18 ÅR                 ,N,N,N,N,N,N,N,N,N,N,N
4519,04120923469,P,00900,Aldona Valentin                    ,Kyllingstad                        ,N,N,N,J,N,KUNDER UNDER 18 ÅR                 ,N,N,N,N,N,N,N,N,N,N,N
4519,19030607158,P,00800,Torgun Thorvald                    ,Helleren                           ,N,N,N,J,N,KUNDER UNDER 18 ÅR                 ,N,N,N,N,N,N,N,N,N,N,N
4519,04090954313,P,00102,Amer Hodan                         ,Brønstad                           ,N,N,N,J,N,KUNDER UNDER 18 ÅR                 ,N,N,N,N,N,N,N,N,N,N,N
4519,12050777063,P,06008,May-Kristin Thorvald               ,Pleym                              ,N,N,N,J,N,KUNDER UNDER 18 ÅR                 ,N,N,N,N,N,N,N,N,N,N,N
4519,05041530814,P,06008,Edgar Dana                         ,Sørhaug                            ,N,N,N,J,N,KUNDER UNDER 18 ÅR                 ,N,N,N,N,N,N,N,N,N,N,N
4519,02101605119,P,00900,Joar Amanda                        ,Andorsen                           ,N,N,N,J,N,KUNDER UNDER 18 ÅR                 ,N,N,N,N,N,N,N,N,N,N,N
4519,07031230416,P,00102,Ernestas Ellen                     ,Liberg                             ,N,N,N,J,N,KUNDER UNDER 18 ÅR                 ,N,N,N,N,N,N,N,N,N,N,N
4519,26021108978,P,00102,Brynhild Duy                       ,Skogvoll                           ,J,N,N,J,N,KUNDER UNDER 18 ÅR                 ,N,N,N,N,N,N,N,N,N,N,N
4519,03091600586,P,00102,Jamila Yosef                       ,Vevang                             ,N,N,N,J,N,KUNDER UNDER 18 ÅR                 ,N,N,N,N,N,N,N,N,N,N,N
4519,11041601908,P,00900,Zdzislaw Catalina                  ,Rashid                             ,N,N,N,J,N,KUNDER UNDER 18 ÅR                 ,N,N,N,N,N,N,N,N,N,N,N
4519,15061526169,P,00800,Ådne Carina                        ,Slettum                            ,N,N,N,J,N,KUNDER UNDER 18 ÅR                 ,N,N,N,N,N,N,N,N,N,N,N
4519,09071318807,P,00102,Aadne Katarzyna                    ,Helleland                          ,N,N,N,J,N,KUNDER UNDER 18 ÅR                 ,N,N,N,N,N,N,N,N,N,N,N
4519,17030705866,P,00900,Hild Albin                         ,Stav                               ,N,N,N,J,N,KUNDER UNDER 18 ÅR                 ,N,N,N,N,N,N,N,N,N,N,N
4519,22081533613,P,00102,Szymon Othelie                     ,Sanne                              ,N,N,N,J,N,KUNDER UNDER 18 ÅR                 ,N,N,N,N,N,N,N,N,N,N,N
4519,21080600450,P,00900,Eivin Elfrida                      ,Kittilsen                          ,N,N,N,J,N,KUNDER UNDER 18 ÅR                 ,N,N,N,N,N,N,N,N,N,N,N
4519,11060732681,P,00102,Raimondas Juliet                   ,Mehmood                            ,N,N,N,J,N,KUNDER UNDER 18 ÅR                 ,N,N,N,N,N,N,N,N,N,N,N
4519,08071316867,P,00102,Elzbieta Johnny                    ,Østebø                             ,N,N,N,J,N,KUNDER UNDER 18 ÅR                 ,N,N,N,N,N,N,N,N,N,N,N
4519,12101201528,P,01200,Jennie Arthur                      ,Tveit                              ,N,N,N,J,N,KUNDER UNDER 18 ÅR                 ,N,N,N,N,N,N,N,N,N,N,N
4519,01030835103,P,00102,Harald Ursula                      ,Oma                                ,N,N,N,J,N,KUNDER UNDER 18 ÅR                 ,N,N,N,N,N,N,N,N,N,N,N
4519,29071009899,P,00102,Tron Marlena                       ,Bergem                             ,N,N,N,J,N,KUNDER UNDER 18 ÅR                 ,N,N,N,N,N,N,N,N,N,N,N
4519,13090626668,P,00900,Ann-Elise Albin                    ,Lomeland                           ,N,N,N,J,N,KUNDER UNDER 18 ÅR                 ,N,N,N,N,N,N,N,N,N,N,N
4519,29090923569,P,00900,Knut-Erik Inger-Johanne            ,Forland                            ,N,N,N,J,N,KUNDER UNDER 18 ÅR                 ,N,N,N,N,N,N,N,N,N,N,N
4519,29071316929,P,00102,Oliwia Aslak                       ,Bjerga                             ,N,N,N,J,N,KUNDER UNDER 18 ÅR                 ,N,N,N,N,N,N,N,N,N,N,N
4519,07031019790,P,00800,Andrej Anne-Lill                   ,Nyheim                             ,N,N,N,J,N,KUNDER UNDER 18 ÅR                 ,N,N,N,N,N,N,N,N,N,N,N
4519,22091228312,P,00800,Cristian Liliana                   ,Hjelseth                           ,N,N,N,J,N,KUNDER UNDER 18 ÅR                 ,N,N,N,N,N,N,N,N,N,N,N
4519,23110727542,P,00900,Zofia Ulrik                        ,Mikalsen                           ,N,N,N,J,N,KUNDER UNDER 18 ÅR                 ,N,N,N,N,N,N,N,N,N,N,N
4519,19031506290,P,00800,Sollaug Syed                       ,Soleng                             ,N,N,N,J,N,KUNDER UNDER 18 ÅR                 ,N,N,N,N,N,N,N,N,N,N,N
4519,18071021528,P,00900,Karsten Marit                      ,Smeland                            ,N,N,N,J,N,KUNDER UNDER 18 ÅR                 ,N,N,N,N,N,N,N,N,N,N,N
4519,22051222753,P,00102,Paal Ljiljana                      ,Nordengen                          ,N,N,N,J,N,KUNDER UNDER 18 ÅR                 ,N,N,N,N,N,N,N,N,N,N,N
4519,21071035015,P,01200,Paal Angelika                      ,Stene                              ,N,N,N,J,N,KUNDER UNDER 18 ÅR                 ,N,N,N,N,N,N,N,N,N,N,N
4519,05021402917,P,00900,Juan Lorna                         ,Opdahl                             ,N,N,N,J,N,KUNDER UNDER 18 ÅR                 ,N,N,N,N,N,N,N,N,N,N,N
4519,17110800606,P,00800,Vasile Almaz                       ,Hannisdal                          ,N,N,N,J,N,KUNDER UNDER 18 ÅR                 ,N,N,N,N,N,N,N,N,N,N,N
4519,23121581310,P,00102,Valter Grace                       ,Lilleby                            ,N,N,N,J,N,KUNDER UNDER 18 ÅR                 ,N,N,N,N,N,N,N,N,N,N,N
4519,16011002963,P,00102,Yassin Judy                        ,Broen                              ,N,N,N,J,N,KUNDER UNDER 18 ÅR                 ,N,N,N,N,N,N,N,N,N,N,N
4519,28050601228,P,00800,Cesar Marilyn                      ,Voll                               ,N,N,N,J,N,KUNDER UNDER 18 ÅR                 ,N,N,N,N,N,N,N,N,N,N,N
4519,01020726276,P,00900,Anne-Sofie Rudi                    ,Kristensen                         ,N,N,N,J,N,KUNDER UNDER 18 ÅR                 ,N,N,N,N,N,N,N,N,N,N,N
4519,09071307112,P,00800,Marilyn Dario                      ,Egeland                            ,J,N,N,J,N,KUNDER UNDER 18 ÅR                 ,N,N,N,N,N,N,N,N,N,N,N
4519,13060633422,P,01200,Florence Saad                      ,Ueland                             ,N,N,N,J,N,KUNDER UNDER 18 ÅR                 ,N,N,N,N,N,N,N,N,N,N,N
4519,24050707497,P,00102,Raja Valentina                     ,Svela                              ,N,N,N,J,N,KUNDER UNDER 18 ÅR                 ,N,N,N,N,N,N,N,N,N,N,N
4519,01101708671,P,00102,May-Lis Willy                      ,Homme                              ,N,N,N,J,N,KUNDER UNDER 18 ÅR                 ,N,N,N,N,N,N,N,N,N,N,N
4519,27111518063,P,00102,Linnea Nabil                       ,Skailand                           ,N,N,N,J,N,KUNDER UNDER 18 ÅR                 ,N,N,N,N,N,N,N,N,N,N,N
4519,03031329921,P,00102,Tilde Roald                        ,Botten                             ,J,N,N,J,N,KUNDER UNDER 18 ÅR                 ,N,N,N,N,N,N,N,N,N,N,N
4519,19031415449,P,00102,Zlatko Betty                       ,Lende                              ,N,N,N,J,N,KUNDER UNDER 18 ÅR                 ,N,N,N,N,N,N,N,N,N,N,N
4519,06121104952,P,00900,Gunvor Thom                        ,Anwar                              ,N,N,N,J,N,KUNDER UNDER 18 ÅR                 ,N,N,N,N,N,N,N,N,N,N,N
4519,08080763698,P,01200,Dyveke Kemal                       ,Myre                               ,N,N,N,J,N,KUNDER UNDER 18 ÅR                 ,N,N,N,N,N,N,N,N,N,N,N
4519,14121107245,P,01200,Synneva Ole-Marius                 ,Høyer                              ,N,N,N,J,N,KUNDER UNDER 18 ÅR                 ,N,N,N,N,N,N,N,N,N,N,N
4519,25020627622,P,01200,Turi Francisco                     ,Hofstad                            ,N,N,N,J,N,KUNDER UNDER 18 ÅR                 ,N,N,N,N,N,N,N,N,N,N,N
4519,24081011075,P,01200,Andrej Alia                        ,Hotvedt                            ,N,N,N,J,N,KUNDER UNDER 18 ÅR                 ,N,N,N,N,N,N,N,N,N,N,N
4519,10110904342,P,00900,Thorsten Marielle                  ,Smedsrud                           ,N,N,N,J,N,KUNDER UNDER 18 ÅR                 ,N,N,N,N,N,N,N,N,N,N,N
4519,11091515255,P,00102,Jeanine Ahmed                      ,Nodland                            ,N,N,N,J,N,KUNDER UNDER 18 ÅR                 ,N,N,N,N,N,N,N,N,N,N,N
4519,06040747646,P,00800,Willy Neda                         ,Rikardsen                          ,N,N,N,J,N,KUNDER UNDER 18 ÅR                 ,N,N,N,N,N,N,N,N,N,N,N
4519,01080820204,P,00800,Agata Rune                         ,Tonstad                            ,N,N,N,J,N,KUNDER UNDER 18 ÅR                 ,N,N,N,N,N,N,N,N,N,N,N
4519,14110804459,P,00900,Annie Manuel                       ,Nybakken                           ,N,N,N,J,N,KUNDER UNDER 18 ÅR                 ,N,N,N,N,N,N,N,N,N,N,N
4519,18120722227,P,00102,Diana Anstein                      ,Omdahl                             ,N,N,N,J,N,KUNDER UNDER 18 ÅR                 ,N,N,N,N,N,N,N,N,N,N,N
4519,16071307771,P,00102,Boye Ingelin                       ,Vevang                             ,N,N,N,J,N,KUNDER UNDER 18 ÅR                 ,N,N,N,N,N,N,N,N,N,N,N
4519,07051001340,P,01200,Berge Wanda                        ,Ugland                             ,N,N,N,J,N,KUNDER UNDER 18 ÅR                 ,N,N,N,N,N,N,N,N,N,N,N
4519,09090630641,P,00900,Raimondas Juliet                   ,Winger                             ,N,N,N,J,N,KUNDER UNDER 18 ÅR                 ,N,N,N,N,N,N,N,N,N,N,N
4519,06021427282,P,00102,Nour Rudi                          ,Homme                              ,N,N,N,J,N,KUNDER UNDER 18 ÅR                 ,N,N,N,N,N,N,N,N,N,N,N
4519,24070738259,P,00800,Perly Vegar                        ,Ofstad                             ,N,N,N,J,N,KUNDER UNDER 18 ÅR                 ,N,N,N,N,N,N,N,N,N,N,N
4519,12060650290,P,00800,Julie Kaj                          ,Wiker                              ,N,N,N,J,N,KUNDER UNDER 18 ÅR                 ,N,N,N,N,N,N,N,N,N,N,N
4519,23061626425,P,00900,Ahmed Annette                      ,Lyng                               ,N,N,N,J,N,KUNDER UNDER 18 ÅR                 ,N,N,N,N,N,N,N,N,N,N,N
4519,17111128677,P,00900,Ådne Conny                         ,Petterson                          ,N,N,N,J,N,KUNDER UNDER 18 ÅR                 ,N,N,N,N,N,N,N,N,N,N,N
4519,09121426878,P,00800,Toini Marton                       ,Finstad                            ,N,N,N,J,N,KUNDER UNDER 18 ÅR                 ,N,N,N,N,N,N,N,N,N,N,N
4519,08091100062,P,00102,Katalin Bruno                      ,Trengereid                         ,N,N,N,J,N,KUNDER UNDER 18 ÅR                 ,N,N,N,N,N,N,N,N,N,N,N
4519,31120904747,P,00800,Torill Krzysztof                   ,Brænden                            ,N,N,N,J,N,KUNDER UNDER 18 ÅR                 ,N,N,N,N,N,N,N,N,N,N,N
4519,18021231149,P,00102,Solveig Duc                        ,Hernes                             ,N,N,N,J,N,KUNDER UNDER 18 ÅR                 ,N,N,N,N,N,N,N,N,N,N,N
4519,18091319531,P,00800,Jette Sverre                       ,Fagerheim                          ,N,N,N,J,N,KUNDER UNDER 18 ÅR                 ,N,N,N,N,N,N,N,N,N,N,N
4519,25061026145,P,00102,Mehran Solveig                     ,Aanestad                           ,N,N,N,J,N,KUNDER UNDER 18 ÅR                 ,N,N,N,N,N,N,N,N,N,N,N
4519,03061102603,P,00900,Agnete Leiv                        ,Engen                              ,N,N,N,J,N,KUNDER UNDER 18 ÅR                 ,N,N,N,N,N,N,N,N,N,N,N
4519,15020620754,P,00900,Torleiv Anne-Merete                ,Løvstad                            ,N,N,N,J,N,KUNDER UNDER 18 ÅR                 ,N,N,N,N,N,N,N,N,N,N,N
4519,26051302876,P,00900,Jens Hedvig                        ,Kleiven                            ,N,N,N,J,N,KUNDER UNDER 18 ÅR                 ,N,N,N,N,N,N,N,N,N,N,N
4519,18050606062,P,00900,Nicoline Roald                     ,Westgård                           ,N,N,N,J,N,KUNDER UNDER 18 ÅR                 ,N,N,N,N,N,N,N,N,N,N,N
4519,05041107407,P,00102,Mary-Ann Odd-Arne                  ,Hynne                              ,N,N,N,J,N,KUNDER UNDER 18 ÅR                 ,N,N,N,N,N,N,N,N,N,N,N
4519,11100616574,P,00102,Julio Oliva                        ,Trønnes                            ,N,N,N,J,N,KUNDER UNDER 18 ÅR                 ,N,N,N,N,N,N,N,N,N,N,N
4519,19080872545,P,01200,Arnulf Izabela                     ,Askvik                             ,N,N,N,J,N,KUNDER UNDER 18 ÅR                 ,N,N,N,N,N,N,N,N,N,N,N
4519,12061124339,P,01200,Glen Anbjørg                       ,Engum                              ,N,N,N,J,N,KUNDER UNDER 18 ÅR                 ,N,N,N,N,N,N,N,N,N,N,N
4519,28051373253,P,00102,Alida Emilio                       ,Ekrem                              ,J,N,N,J,N,KUNDER UNDER 18 ÅR                 ,N,N,N,N,N,N,N,N,N,N,N
4519,31070817929,P,00900,Teodor Claire                      ,Melheim                            ,N,N,N,J,N,KUNDER UNDER 18 ÅR                 ,N,N,N,N,N,N,N,N,N,N,N
4519,29041038509,P,01200,Petrine Herbert                    ,Brænden                            ,N,N,N,J,N,KUNDER UNDER 18 ÅR                 ,N,N,N,N,N,N,N,N,N,N,N
4519,07120715725,P,00102,Siw Njål                           ,Finne                              ,N,N,N,J,N,KUNDER UNDER 18 ÅR                 ,N,N,N,N,N,N,N,N,N,N,N
4519,30030623505,P,00800,Daniella Dovydas                   ,Vevang                             ,N,N,N,J,N,KUNDER UNDER 18 ÅR                 ,N,N,N,N,N,N,N,N,N,N,N
4519,25051121956,P,00102,Åslaug Ask                         ,Malmo                              ,N,N,N,J,N,KUNDER UNDER 18 ÅR                 ,N,N,N,N,N,N,N,N,N,N,N
4519,24090602620,P,00800,Knud Karen-Marie                   ,Engum                              ,N,N,N,J,N,KUNDER UNDER 18 ÅR                 ,N,N,N,N,N,N,N,N,N,N,N
4519,17110733720,P,01200,Ane Juozas                         ,Tufte                              ,N,N,N,J,N,KUNDER UNDER 18 ÅR                 ,N,N,N,N,N,N,N,N,N,N,N
4519,23120967282,P,00800,Gurine Gheorghe                    ,Schjelderup                        ,N,N,N,J,N,KUNDER UNDER 18 ÅR                 ,N,N,N,N,N,N,N,N,N,N,N
4519,08091426154,P,00102,Andrej Anne-Lill                   ,Fure                               ,N,N,N,J,N,KUNDER UNDER 18 ÅR                 ,N,N,N,N,N,N,N,N,N,N,N
4519,20111614270,P,00900,Adnan Fiona                        ,Nordang                            ,J,N,N,J,N,KUNDER UNDER 18 ÅR                 ,N,N,N,N,N,N,N,N,N,N,N
4519,28121175381,P,01200,Elsa Miguel                        ,Schøyen                            ,N,N,N,J,N,KUNDER UNDER 18 ÅR                 ,N,N,N,N,N,N,N,N,N,N,N
4519,14010721610,P,00800,Asmund Ute                         ,Aronsen                            ,N,N,N,J,N,KUNDER UNDER 18 ÅR                 ,N,N,N,N,N,N,N,N,N,N,N
4519,18081379447,P,00900,Herman Celine                      ,Ueland                             ,N,N,N,J,N,KUNDER UNDER 18 ÅR                 ,N,N,N,N,N,N,N,N,N,N,N
4519,27011613654,P,00102,Azad Gloria                        ,Samuelsen                          ,N,N,N,J,N,KUNDER UNDER 18 ÅR                 ,N,N,N,N,N,N,N,N,N,N,N
4519,15040624837,P,00900,Amer Veronika                      ,Berstad                            ,N,N,N,J,N,KUNDER UNDER 18 ÅR                 ,N,N,N,N,N,N,N,N,N,N,N
4519,08070920884,P,00102,Nazia Agnar                        ,Lorentsen                          ,N,N,N,J,N,KUNDER UNDER 18 ÅR                 ,N,N,N,N,N,N,N,N,N,N,N
4519,05011209620,P,00102,Fillip Jessica                     ,Svensson                           ,N,N,N,J,N,KUNDER UNDER 18 ÅR                 ,N,N,N,N,N,N,N,N,N,N,N
4519,11070790213,P,00102,Stina Mantas                       ,Heien                              ,N,N,N,J,N,KUNDER UNDER 18 ÅR                 ,N,N,N,N,N,N,N,N,N,N,N
4519,06071208301,P,00800,Raja Ann-Elise                     ,Vevang                             ,N,N,N,J,N,KUNDER UNDER 18 ÅR                 ,N,N,N,N,N,N,N,N,N,N,N
4519,05030932538,P,00900,Kirstin Thorgeir                   ,Miller                             ,N,N,N,J,N,KUNDER UNDER 18 ÅR                 ,N,N,N,N,N,N,N,N,N,N,N
4519,14061128914,P,00800,Britt Mateo                        ,Klein                              ,N,N,N,J,N,KUNDER UNDER 18 ÅR                 ,N,N,N,N,N,N,N,N,N,N,N
4519,08021200558,P,00102,Ingve Thilde                       ,Myrhaug                            ,N,N,N,J,N,KUNDER UNDER 18 ÅR                 ,N,N,N,N,N,N,N,N,N,N,N
4519,10091004637,P,00102,Ariana Stig                        ,Bergli                             ,N,N,N,J,N,KUNDER UNDER 18 ÅR                 ,N,N,N,N,N,N,N,N,N,N,N
4519,29031208996,P,00102,Minna Istvan                       ,Myren                              ,N,N,N,J,N,KUNDER UNDER 18 ÅR                 ,N,N,N,N,N,N,N,N,N,N,N
4519,17030728505,P,01200,Birte Sigve                        ,Sletner                            ,N,N,N,J,N,KUNDER UNDER 18 ÅR                 ,N,N,N,N,N,N,N,N,N,N,N
4519,29061266850,P,01200,Stefanie Ole-Morten                ,Anwar                              ,N,N,N,J,N,KUNDER UNDER 18 ÅR                 ,N,N,N,N,N,N,N,N,N,N,N
4519,26061305237,P,00900,Brit Kato                          ,Grini                              ,J,N,N,J,N,KUNDER UNDER 18 ÅR                 ,N,N,N,N,N,N,N,N,N,N,N
4519,28031132497,P,00800,Katharina Odd-Arne                 ,Borge                              ,N,N,N,J,N,KUNDER UNDER 18 ÅR                 ,N,N,N,N,N,N,N,N,N,N,N
4519,14081207772,P,01200,Dorte Kato                         ,Øye                                ,N,N,N,J,N,KUNDER UNDER 18 ÅR                 ,N,N,N,N,N,N,N,N,N,N,N
4519,08011382259,P,01200,Sajjad Elisabeth                   ,Nordby                             ,N,N,N,J,N,KUNDER UNDER 18 ÅR                 ,N,N,N,N,N,N,N,N,N,N,N
4519,15081110260,P,00800,Sajjad Faiza                       ,Le                                 ,N,N,N,J,N,KUNDER UNDER 18 ÅR                 ,N,N,N,N,N,N,N,N,N,N,N
4519,05051321350,P,00102,Margun Ulrik                       ,Lyshaug                            ,N,N,N,J,N,KUNDER UNDER 18 ÅR                 ,N,N,N,N,N,N,N,N,N,N,N
4519,03111175526,P,00102,Aida Kenny                         ,Borge                              ,N,N,N,J,N,KUNDER UNDER 18 ÅR                 ,N,N,N,N,N,N,N,N,N,N,N
4519,11020877318,P,01200,Torborg Stuart                     ,Rokne                              ,N,N,N,J,N,KUNDER UNDER 18 ÅR                 ,N,N,N,N,N,N,N,N,N,N,N
4519,19101000756,P,00102,Hallstein Torhild                  ,Lyshaug                            ,N,N,N,J,N,KUNDER UNDER 18 ÅR                 ,N,N,N,N,N,N,N,N,N,N,N
4519,27071375043,P,00900,Turi Torgny                        ,Homme                              ,N,N,N,J,N,KUNDER UNDER 18 ÅR                 ,N,N,N,N,N,N,N,N,N,N,N
4519,16040735996,P,00900,Tom-Arne Edle                      ,Tjelta                             ,N,N,N,J,N,KUNDER UNDER 18 ÅR                 ,N,N,N,N,N,N,N,N,N,N,N
4519,11010907995,P,01200,Tarjei Malin                       ,Hassel                             ,N,N,N,J,N,KUNDER UNDER 18 ÅR                 ,N,N,N,N,N,N,N,N,N,N,N
4519,16101018079,P,01200,Knut-Erik Elida                    ,Torsvik                            ,N,N,N,J,N,KUNDER UNDER 18 ÅR                 ,N,N,N,N,N,N,N,N,N,N,N
4519,25020601674,P,00800,Herman Brita                       ,Rui                                ,N,N,N,J,N,KUNDER UNDER 18 ÅR                 ,N,N,N,N,N,N,N,N,N,N,N
4519,08070736161,P,01200,Juliana Ted                        ,Lyshaug                            ,N,N,N,J,N,KUNDER UNDER 18 ÅR                 ,N,N,N,N,N,N,N,N,N,N,N
4519,18071014602,P,00102,Marika Bernt                       ,Lee                                ,N,N,N,J,N,KUNDER UNDER 18 ÅR                 ,N,N,N,N,N,N,N,N,N,N,N
4519,24020902643,P,00900,Astrid Alv                         ,Mahamud                            ,N,N,N,J,N,KUNDER UNDER 18 ÅR                 ,N,N,N,N,N,N,N,N,N,N,N
4519,22121425215,P,00102,Fariba Yaser                       ,Vikøren                            ,J,N,N,J,N,KUNDER UNDER 18 ÅR                 ,N,N,N,N,N,N,N,N,N,N,N
4519,06031525444,P,00102,Patric Ellinor                     ,Kaldestad                          ,N,N,N,J,N,KUNDER UNDER 18 ÅR                 ,N,N,N,N,N,N,N,N,N,N,N
4519,18031175352,P,01200,Ib Annelise                        ,Mork                               ,N,N,N,J,N,KUNDER UNDER 18 ÅR                 ,N,N,N,N,N,N,N,N,N,N,N
4519,21030708102,P,00102,Linn Eduard                        ,Heiberg                            ,N,N,N,J,N,KUNDER UNDER 18 ÅR                 ,N,N,N,N,N,N,N,N,N,N,N
4519,29100615159,P,00800,Idun Ole-Morten                    ,Lenes                              ,N,N,N,J,N,KUNDER UNDER 18 ÅR                 ,N,N,N,N,N,N,N,N,N,N,N
4519,05041707250,P,06008,Benn Tahira                        ,Rikardsen                          ,N,N,N,J,N,KUNDER UNDER 18 ÅR                 ,N,N,N,N,N,N,N,N,N,N,N
4519,17020672323,P,00102,Steffan Benedicte                  ,Lindås                             ,N,N,N,J,N,KUNDER UNDER 18 ÅR                 ,N,N,N,N,N,N,N,N,N,N,N
4519,04011075415,P,01200,Justyna Adem                       ,Nesheim                            ,N,N,N,J,N,KUNDER UNDER 18 ÅR                 ,N,N,N,N,N,N,N,N,N,N,N
4519,05060810550,P,01200,Jennie Haakon                      ,Hermann                            ,N,N,N,J,N,KUNDER UNDER 18 ÅR                 ,N,N,N,N,N,N,N,N,N,N,N
4519,20031183473,P,00102,Andre Eline                        ,Rognan                             ,N,N,N,J,N,KUNDER UNDER 18 ÅR                 ,N,N,N,N,N,N,N,N,N,N,N
4519,25030902168,P,01200,Ib Annelise                        ,Schau                              ,N,N,N,J,N,KUNDER UNDER 18 ÅR                 ,N,N,N,N,N,N,N,N,N,N,N
4519,16051301335,P,00900,Thorsten Alida                     ,Taule                              ,N,N,N,J,N,KUNDER UNDER 18 ÅR                 ,N,N,N,N,N,N,N,N,N,N,N
4519,30121323105,P,01200,Paal Ranveig                       ,Hofstad                            ,N,N,N,J,N,KUNDER UNDER 18 ÅR                 ,N,N,N,N,N,N,N,N,N,N,N
4519,14090833554,P,06008,Ariane Gregor                      ,Ekelund                            ,N,N,N,J,N,KUNDER UNDER 18 ÅR                 ,N,N,N,N,N,N,N,N,N,N,N
4519,10071214732,P,00102,Marlen Thorgeir                    ,Paus                               ,N,N,N,J,N,KUNDER UNDER 18 ÅR                 ,N,N,N,N,N,N,N,N,N,N,N
4519,05021018343,P,00900,Gørill Romualdas                   ,Stornes                            ,N,N,N,J,N,KUNDER UNDER 18 ÅR                 ,N,N,N,N,N,N,N,N,N,N,N
4519,04011136511,P,01200,Ole-Jacob Kathe                    ,Noreng                             ,N,N,N,J,N,KUNDER UNDER 18 ÅR                 ,N,N,N,N,N,N,N,N,N,N,N
4519,01021222026,P,01200,Herlaug Borger                     ,Kvalvik                            ,N,N,N,J,N,KUNDER UNDER 18 ÅR                 ,N,N,N,N,N,N,N,N,N,N,N
4519,12071468192,P,00102,Rino Thanh                         ,Svensson                           ,N,N,N,J,N,KUNDER UNDER 18 ÅR                 ,N,N,N,N,N,N,N,N,N,N,N
4519,22030936403,P,01200,Darius Mia                         ,Lundgård                           ,N,N,N,J,N,KUNDER UNDER 18 ÅR                 ,N,N,N,N,N,N,N,N,N,N,N
4519,05021001211,P,00900,Verena Egon                        ,Opsal                              ,N,N,N,J,N,KUNDER UNDER 18 ÅR                 ,N,N,N,N,N,N,N,N,N,N,N
4519,11011002988,P,03300,Ann-Kristin Ireneusz               ,Salamonsen                         ,N,N,N,J,N,KUNDER UNDER 18 ÅR                 ,N,N,N,N,N,N,N,N,N,N,N
4519,16021017721,P,00102,Annike Marius                      ,Finnesand                          ,N,N,N,J,N,KUNDER UNDER 18 ÅR                 ,N,N,N,N,N,N,N,N,N,N,N
4519,03101177970,P,00800,Rimantas Matilda                   ,Teien                              ,N,N,N,J,N,KUNDER UNDER 18 ÅR                 ,N,N,N,N,N,N,N,N,N,N,N
4519,24090737283,P,00102,Paal Kaya                          ,Berget                             ,N,N,N,J,N,KUNDER UNDER 18 ÅR                 ,N,N,N,N,N,N,N,N,N,N,N
4519,13041376788,P,00800,Magomed Tine                       ,Molvik                             ,N,N,N,J,N,KUNDER UNDER 18 ÅR                 ,N,N,N,N,N,N,N,N,N,N,N
4519,14020736136,P,00102,Sanne Odd-Arne                     ,Thon                               ,N,N,N,J,N,KUNDER UNDER 18 ÅR                 ,N,N,N,N,N,N,N,N,N,N,N
4519,28111401707,P,00800,Senad Solvår                       ,Ausland                            ,N,N,N,J,N,KUNDER UNDER 18 ÅR                 ,N,N,N,N,N,N,N,N,N,N,N
4519,28111525775,P,00900,Borger Laila                       ,Lange                              ,N,N,N,J,N,KUNDER UNDER 18 ÅR                 ,N,N,N,N,N,N,N,N,N,N,N
4519,19111417256,P,00102,Tor-Inge Marte                     ,Tveter                             ,N,N,N,J,N,KUNDER UNDER 18 ÅR                 ,N,N,N,N,N,N,N,N,N,N,N
4519,19091224545,P,00102,Raja Mirela                        ,Abukar                             ,N,N,N,J,N,KUNDER UNDER 18 ÅR                 ,N,N,N,N,N,N,N,N,N,N,N
4519,03061014585,P,00900,Gretha Billy                       ,Svensson                           ,N,N,N,J,N,KUNDER UNDER 18 ÅR                 ,N,N,N,N,N,N,N,N,N,N,N
4519,09030813402,P,00102,Azra Willy                         ,Kalland                            ,N,N,N,J,N,KUNDER UNDER 18 ÅR                 ,N,N,N,N,N,N,N,N,N,N,N
4519,14040727885,P,00800,Aida Dario                         ,Kristensen                         ,J,N,N,J,N,KUNDER UNDER 18 ÅR                 ,N,N,N,N,N,N,N,N,N,N,N
4519,02091415030,P,00900,Hroar Samantha                     ,Moldskred                          ,N,N,N,J,N,KUNDER UNDER 18 ÅR                 ,N,N,N,N,N,N,N,N,N,N,N
4519,17091416123,P,01200,Natasa Ramin                       ,Nordhus                            ,N,N,N,J,N,KUNDER UNDER 18 ÅR                 ,N,N,N,N,N,N,N,N,N,N,N
4519,20060606383,P,00102,Niklas Minda                       ,Mustafa                            ,N,N,N,J,N,KUNDER UNDER 18 ÅR                 ,N,N,N,N,N,N,N,N,N,N,N
4519,06040611019,P,00800,Amalie Borger                      ,Høiland                            ,N,N,N,J,N,KUNDER UNDER 18 ÅR                 ,N,N,N,N,N,N,N,N,N,N,N
4519,20021176487,P,00800,Cristian Margret                   ,Algrøy                             ,N,N,N,J,N,KUNDER UNDER 18 ÅR                 ,N,N,N,N,N,N,N,N,N,N,N
4519,07121035833,P,00102,Niklas Judith                      ,Wessel                             ,N,N,N,J,N,KUNDER UNDER 18 ÅR                 ,N,N,N,N,N,N,N,N,N,N,N
4519,31051326213,P,00102,Sol Lars-Erik                      ,Trøen                              ,N,N,N,J,N,KUNDER UNDER 18 ÅR                 ,N,N,N,N,N,N,N,N,N,N,N
4519,11081663299,P,00900,Karstein Julia                     ,Ottesen                            ,N,N,N,J,N,KUNDER UNDER 18 ÅR                 ,N,N,N,N,N,N,N,N,N,N,N
4519,19070715948,P,00102,Martina Alv                        ,Gausdal                            ,N,N,N,J,N,KUNDER UNDER 18 ÅR                 ,N,N,N,N,N,N,N,N,N,N,N
4519,30091027670,P,01200,Gabriele Janne                     ,Rahman                             ,N,N,N,J,N,KUNDER UNDER 18 ÅR                 ,N,N,N,N,N,N,N,N,N,N,N
4519,03041613989,P,01200,Eldrid Bjørge                      ,Tjelta                             ,N,N,N,J,N,KUNDER UNDER 18 ÅR                 ,N,N,N,N,N,N,N,N,N,N,N
4519,06020718119,P,00800,Beret Francisco                    ,Storlien                           ,N,N,N,J,N,KUNDER UNDER 18 ÅR                 ,N,N,N,N,N,N,N,N,N,N,N
4519,29070733267,P,00800,Stella Kenneth                     ,Thorbjørnsen                       ,N,N,N,J,N,KUNDER UNDER 18 ÅR                 ,N,N,N,N,N,N,N,N,N,N,N
4519,08061126040,P,01200,Majken Dani                        ,Flønes                             ,N,N,N,J,N,KUNDER UNDER 18 ÅR                 ,N,N,N,N,N,N,N,N,N,N,N
4519,26101019186,P,00800,Rimantas Embla                     ,Gundersen                          ,N,N,N,J,N,KUNDER UNDER 18 ÅR                 ,N,N,N,N,N,N,N,N,N,N,N
4519,01061377693,P,00900,Maj-Britt Gregor                   ,Slettum                            ,N,N,N,J,N,KUNDER UNDER 18 ÅR                 ,N,N,N,N,N,N,N,N,N,N,N
4519,27081116828,P,00900,Gard Lilian                        ,Kroken                             ,N,N,N,J,N,KUNDER UNDER 18 ÅR                 ,N,N,N,N,N,N,N,N,N,N,N
4519,02091002623,P,00102,Marion Dean                        ,Aarsand                            ,N,N,N,J,N,KUNDER UNDER 18 ÅR                 ,N,N,N,N,N,N,N,N,N,N,N
4519,23111005346,P,01200,Iryna Maciej                       ,Vagle                              ,N,N,N,J,N,KUNDER UNDER 18 ÅR                 ,N,N,N,N,N,N,N,N,N,N,N
4519,22120830175,P,00102,Mogens Karoline                    ,Kaldestad                          ,N,N,N,J,N,KUNDER UNDER 18 ÅR                 ,N,N,N,N,N,N,N,N,N,N,N
4519,26121182733,P,00800,Patric Margaret                    ,Asbjørnsen                         ,N,N,N,J,N,KUNDER UNDER 18 ÅR                 ,N,N,N,N,N,N,N,N,N,N,N
4519,21081112115,P,01200,Bjørgunn Duy                       ,Vagle                              ,N,N,N,J,N,KUNDER UNDER 18 ÅR                 ,N,N,N,N,N,N,N,N,N,N,N
4519,27031078844,P,00800,Andrej Sigrid                      ,Rikardsen                          ,N,N,N,J,N,KUNDER UNDER 18 ÅR                 ,N,N,N,N,N,N,N,N,N,N,N
4519,26010907275,P,00102,Christina Sindre                   ,Underhaug                          ,N,N,N,J,N,KUNDER UNDER 18 ÅR                 ,N,N,N,N,N,N,N,N,N,N,N
4519,10031073419,P,01200,Amelie Albin                       ,Christensen                        ,N,N,N,J,N,KUNDER UNDER 18 ÅR                 ,N,N,N,N,N,N,N,N,N,N,N
4519,02020713952,P,00800,Skjalg Palma                       ,Celius                             ,N,N,N,J,N,KUNDER UNDER 18 ÅR                 ,N,N,N,N,N,N,N,N,N,N,N
4519,17070739836,P,01200,Victor Anni                        ,Nygård                             ,N,N,N,J,N,KUNDER UNDER 18 ÅR                 ,N,N,N,N,N,N,N,N,N,N,N
4519,25021175407,P,00800,Christen Betina                    ,Gjelsten                           ,N,N,N,J,N,KUNDER UNDER 18 ÅR                 ,N,N,N,N,N,N,N,N,N,N,N
4519,26041222548,P,00900,Lajla Nicolae                      ,Østli                              ,N,N,N,J,N,KUNDER UNDER 18 ÅR                 ,N,N,N,N,N,N,N,N,N,N,N
4519,26091329173,P,00102,Hallgeir Giske                     ,Vika                               ,N,N,N,J,N,KUNDER UNDER 18 ÅR                 ,N,N,N,N,N,N,N,N,N,N,N
4519,18030643239,P,00102,Azra Julian                        ,Sveberg                            ,N,N,N,J,N,KUNDER UNDER 18 ÅR                 ,N,N,N,N,N,N,N,N,N,N,N
4519,28041175313,P,00102,Hallgeir Giske                     ,Brunes                             ,N,N,N,J,N,KUNDER UNDER 18 ÅR                 ,N,N,N,N,N,N,N,N,N,N,N
4519,15051407501,P,00102,Karwan Julianne                    ,Bjerkelund                         ,J,N,N,J,N,KUNDER UNDER 18 ÅR                 ,N,N,N,N,N,N,N,N,N,N,N
4519,13120725127,P,01200,Aadne Carine                       ,Mæland                             ,N,N,N,J,N,KUNDER UNDER 18 ÅR                 ,N,N,N,N,N,N,N,N,N,N,N
4519,10070829164,P,00900,Johan Thyra                        ,Paulsen                            ,N,N,N,J,N,KUNDER UNDER 18 ÅR                 ,N,N,N,N,N,N,N,N,N,N,N
4519,14111230448,P,00102,Viola Oddmund                      ,Karimi                             ,N,N,N,J,N,KUNDER UNDER 18 ÅR                 ,N,N,N,N,N,N,N,N,N,N,N
4519,04011102692,P,01200,Christen Sana                      ,Valstad                            ,N,N,N,J,N,KUNDER UNDER 18 ÅR                 ,N,N,N,N,N,N,N,N,N,N,N
4519,12010724609,P,01200,Oluf Ingeborg                      ,Leidland                           ,N,N,N,J,N,KUNDER UNDER 18 ÅR                 ,N,N,N,N,N,N,N,N,N,N,N
4519,11021030289,P,00102,Cristian Laila                     ,Melbø                              ,N,N,N,J,N,KUNDER UNDER 18 ÅR                 ,N,N,N,N,N,N,N,N,N,N,N
4519,05110920603,P,00102,Frode Samira                       ,Ringnes                            ,N,N,N,J,N,KUNDER UNDER 18 ÅR                 ,N,N,N,N,N,N,N,N,N,N,N
4519,01071211572,P,00102,Monicha Njål                       ,Isaksen                            ,N,N,N,J,N,KUNDER UNDER 18 ÅR                 ,N,N,N,N,N,N,N,N,N,N,N
4519,03020775717,P,00800,Skjalg Selma                       ,Orvik                              ,N,N,N,J,N,KUNDER UNDER 18 ÅR                 ,N,N,N,N,N,N,N,N,N,N,N
4519,11090806949,P,01200,Hallgeir Giske                     ,Munkvold                           ,N,N,N,J,N,KUNDER UNDER 18 ÅR                 ,N,N,N,N,N,N,N,N,N,N,N
4519,13121224881,P,00800,Linh Benn                          ,Sjøvoll                            ,N,N,N,J,N,KUNDER UNDER 18 ÅR                 ,N,N,N,N,N,N,N,N,N,N,N
4519,17040769188,P,00102,Katherine Ulrik                    ,Vevang                             ,N,N,N,J,N,KUNDER UNDER 18 ÅR                 ,N,N,N,N,N,N,N,N,N,N,N
4519,17060929300,P,00102,Ib Annelise                        ,Svensson                           ,N,N,N,J,N,KUNDER UNDER 18 ÅR                 ,N,N,N,N,N,N,N,N,N,N,N
4519,15030722504,P,00102,Eystein Leena                      ,Bengtsson                          ,N,N,N,J,N,KUNDER UNDER 18 ÅR                 ,N,N,N,N,N,N,N,N,N,N,N
4519,26051456156,P,01200,Tore Azra                          ,Herheim                            ,N,N,N,J,N,KUNDER UNDER 18 ÅR                 ,N,N,N,N,N,N,N,N,N,N,N
4519,27071169737,P,01200,Karwan Mildred                     ,Gill                               ,N,N,N,J,N,KUNDER UNDER 18 ÅR                 ,N,N,N,N,N,N,N,N,N,N,N
4519,07020621030,P,01200,Søren Eila                         ,Homme                              ,N,N,N,J,N,KUNDER UNDER 18 ÅR                 ,N,N,N,N,N,N,N,N,N,N,N
4519,17041226366,P,01200,Hallgeir Giske                     ,Ofstad                             ,N,N,N,J,N,KUNDER UNDER 18 ÅR                 ,N,N,N,N,N,N,N,N,N,N,N
4519,18031014723,P,01200,Tilde Roald                        ,Røsand                             ,N,N,N,J,N,KUNDER UNDER 18 ÅR                 ,N,N,N,N,N,N,N,N,N,N,N
4519,20101318320,P,00102,Ramune Herleif                     ,Hole                               ,N,N,N,J,N,KUNDER UNDER 18 ÅR                 ,N,N,N,N,N,N,N,N,N,N,N
4519,07040904004,P,00102,Silje Sigve                        ,Lindvik                            ,N,N,N,J,N,KUNDER UNDER 18 ÅR                 ,N,N,N,N,N,N,N,N,N,N,N
4519,23121437813,P,00102,Karstein Sine                      ,Grotle                             ,N,N,N,J,N,KUNDER UNDER 18 ÅR                 ,N,N,N,N,N,N,N,N,N,N,N
4519,21020862006,P,00102,Antoni Bente                       ,Stormoen                           ,N,N,N,J,N,KUNDER UNDER 18 ÅR                 ,N,N,N,N,N,N,N,N,N,N,N
4519,23090619551,P,00102,Søren Asia                         ,Aakvik                             ,N,N,N,J,N,KUNDER UNDER 18 ÅR                 ,N,N,N,N,N,N,N,N,N,N,N
4519,30050614154,P,00900,Tilde Roald                        ,Yri                                ,N,N,N,J,N,KUNDER UNDER 18 ÅR                 ,N,N,N,N,N,N,N,N,N,N,N
4519,12011139157,P,01200,Birte Sigve                        ,Walderhaug                         ,N,N,N,J,N,KUNDER UNDER 18 ÅR                 ,N,N,N,N,N,N,N,N,N,N,N
4519,27051319694,P,00102,Regine Ricardo                     ,Rui                                ,N,N,N,J,N,KUNDER UNDER 18 ÅR                 ,N,N,N,N,N,N,N,N,N,N,N
4519,10101324643,P,00900,Niklas Rakel                       ,Noor                               ,N,N,N,J,N,KUNDER UNDER 18 ÅR                 ,N,N,N,N,N,N,N,N,N,N,N
4519,06010839988,P,00102,Gladys Torgny                      ,Gundersen                          ,N,N,N,J,N,KUNDER UNDER 18 ÅR                 ,N,N,N,N,N,N,N,N,N,N,N
4519,09100907299,P,00102,Dumitru Karita                     ,Helgøy                             ,N,N,N,J,N,KUNDER UNDER 18 ÅR                 ,N,N,N,N,N,N,N,N,N,N,N
4519,27010907638,P,00102,Rasa Staffan                       ,Horn                               ,N,N,N,J,N,KUNDER UNDER 18 ÅR                 ,N,N,N,N,N,N,N,N,N,N,N
4519,04061502454,P,00102,Sahar Rytis                        ,Alver                              ,N,N,N,J,N,KUNDER UNDER 18 ÅR                 ,N,N,N,N,N,N,N,N,N,N,N
4519,03020880219,P,06008,Eilen Sinisa                       ,Kirkhus                            ,N,N,N,J,N,KUNDER UNDER 18 ÅR                 ,N,N,N,N,N,N,N,N,N,N,N
4519,08120963385,P,01200,Eldri Knut-Erik                    ,Mundal                             ,N,N,N,J,N,KUNDER UNDER 18 ÅR                 ,N,N,N,N,N,N,N,N,N,N,N
4519,15050732557,P,00900,Tommy Jorunn                       ,Vadseth                            ,N,N,N,J,N,KUNDER UNDER 18 ÅR                 ,N,N,N,N,N,N,N,N,N,N,N
4519,22050750888,P,00800,Nelly Stuart                       ,Hovden                             ,N,N,N,J,N,KUNDER UNDER 18 ÅR                 ,N,N,N,N,N,N,N,N,N,N,N
4519,24041026983,P,00800,Donatas Laura                      ,Leikanger                          ,N,N,N,J,N,KUNDER UNDER 18 ÅR                 ,N,N,N,N,N,N,N,N,N,N,N
4519,18120700452,P,00102,Shahzad Madina                     ,Steindal                           ,N,N,N,J,N,KUNDER UNDER 18 ÅR                 ,N,N,N,N,N,N,N,N,N,N,N
4519,11010975761,P,01200,Julianne Noel                      ,Slåtten                            ,N,N,N,J,N,KUNDER UNDER 18 ÅR                 ,N,N,N,N,N,N,N,N,N,N,N
4519,02051014203,P,00102,Wojciech Hodan                     ,Osmundsen                          ,N,N,N,J,N,KUNDER UNDER 18 ÅR                 ,N,N,N,N,N,N,N,N,N,N,N
4519,02110908957,P,00900,Usman Eleni                        ,Steinnes                           ,N,N,N,J,N,KUNDER UNDER 18 ÅR                 ,N,N,N,N,N,N,N,N,N,N,N
4519,06030839615,P,00102,Liselotte Jan-Olav                 ,Aabel                              ,N,N,N,J,N,KUNDER UNDER 18 ÅR                 ,N,N,N,N,N,N,N,N,N,N,N
4519,21020980394,P,01200,Tommy Siril                        ,Nielsen                            ,N,N,N,J,N,KUNDER UNDER 18 ÅR                 ,N,N,N,N,N,N,N,N,N,N,N
4519,12111210959,P,00102,Sead Irene                         ,Kvia                               ,N,N,N,J,N,KUNDER UNDER 18 ÅR                 ,N,N,N,N,N,N,N,N,N,N,N
4519,07041326144,P,00102,Tommy Siril                        ,Andreassen                         ,N,N,N,J,N,KUNDER UNDER 18 ÅR                 ,N,N,N,N,N,N,N,N,N,N,N
4519,27070603875,P,01200,Magny Muhamed                      ,Berget                             ,N,N,N,J,N,KUNDER UNDER 18 ÅR                 ,N,N,N,N,N,N,N,N,N,N,N
4519,24050643162,P,00800,Halvar Donna                       ,Silva                              ,N,N,N,J,N,KUNDER UNDER 18 ÅR                 ,N,N,N,N,N,N,N,N,N,N,N
4519,08091025478,P,01200,Sigridur Staffan                   ,Homme                              ,N,N,N,J,N,KUNDER UNDER 18 ÅR                 ,N,N,N,N,N,N,N,N,N,N,N
4519,19120600128,P,00102,Usman Ina                          ,Høiseth                            ,N,N,N,J,N,KUNDER UNDER 18 ÅR                 ,N,N,N,N,N,N,N,N,N,N,N
4519,06031102640,P,00102,Asle Jessica                       ,Vevang                             ,N,N,N,J,N,KUNDER UNDER 18 ÅR                 ,N,N,N,N,N,N,N,N,N,N,N
4519,03060800277,P,01200,Marton Deborah                     ,Bru                                ,N,N,N,J,N,KUNDER UNDER 18 ÅR                 ,N,N,N,N,N,N,N,N,N,N,N
4519,28081405397,P,00900,Anja Aslak                         ,Sørbø                              ,N,N,N,J,N,KUNDER UNDER 18 ÅR                 ,N,N,N,N,N,N,N,N,N,N,N
4519,01041027122,P,01200,Neil Sigita                        ,Malmo                              ,N,N,N,J,N,KUNDER UNDER 18 ÅR                 ,N,N,N,N,N,N,N,N,N,N,N
4519,20060827649,P,00800,Sabine Ivo                         ,Østebø                             ,N,N,N,J,N,KUNDER UNDER 18 ÅR                 ,N,N,N,N,N,N,N,N,N,N,N
4519,03041242271,P,00102,Benn Lill-Ann                      ,Gangstad                           ,N,N,N,J,N,KUNDER UNDER 18 ÅR                 ,N,N,N,N,N,N,N,N,N,N,N
4519,29111507870,P,00102,Shahzad Trine-Lise                 ,Farstad                            ,N,N,N,J,N,KUNDER UNDER 18 ÅR                 ,N,N,N,N,N,N,N,N,N,N,N
4519,23100704056,P,00102,Tor-Inge Mariel                    ,Løken                              ,N,N,N,J,N,KUNDER UNDER 18 ÅR                 ,N,N,N,N,N,N,N,N,N,N,N
4519,31101728458,P,00102,Rose Rune                          ,Reite                              ,N,N,N,J,N,KUNDER UNDER 18 ÅR                 ,N,N,N,N,N,N,N,N,N,N,N
4519,26061226701,P,01200,Ann-Marie Ioan                     ,Holmberg                           ,N,N,N,J,N,KUNDER UNDER 18 ÅR                 ,N,N,N,N,N,N,N,N,N,N,N
4519,08111476781,P,01200,Polina Sinisa                      ,Ulven                              ,N,N,N,J,N,KUNDER UNDER 18 ÅR                 ,N,N,N,N,N,N,N,N,N,N,N
4519,06090926223,P,00102,Frederick Farida                   ,Våga                               ,N,N,N,J,N,KUNDER UNDER 18 ÅR                 ,N,N,N,N,N,N,N,N,N,N,N
4519,09100652363,P,01200,Paal Rannei                        ,Klepp                              ,N,N,N,J,N,KUNDER UNDER 18 ÅR                 ,N,N,N,N,N,N,N,N,N,N,N
4519,03041215401,P,00800,Maryam Bjørge                      ,Moldskred                          ,J,N,N,J,N,KUNDER UNDER 18 ÅR                 ,N,N,N,N,N,N,N,N,N,N,N
4519,16051101484,P,00900,Eduardo Vilde                      ,Almli                              ,N,N,N,J,N,KUNDER UNDER 18 ÅR                 ,N,N,N,N,N,N,N,N,N,N,N
4519,21031021151,P,00900,Bernhard Herlaug                   ,Magnussen                          ,N,N,N,J,N,KUNDER UNDER 18 ÅR                 ,N,N,N,N,N,N,N,N,N,N,N
4519,16120778033,P,01200,Renee Sinisa                       ,Hamnes                             ,N,N,N,J,N,KUNDER UNDER 18 ÅR                 ,N,N,N,N,N,N,N,N,N,N,N
4519,14021705382,P,00102,Ingo Olaug                         ,Wathne                             ,N,N,N,J,N,KUNDER UNDER 18 ÅR                 ,N,N,N,N,N,N,N,N,N,N,N
4519,31071019244,P,01200,Birgitte Marton                    ,Fardal                             ,N,N,N,J,N,KUNDER UNDER 18 ÅR                 ,N,N,N,N,N,N,N,N,N,N,N
4519,13010628649,P,00900,Beathe Dean                        ,Rui                                ,N,N,N,J,N,KUNDER UNDER 18 ÅR                 ,N,N,N,N,N,N,N,N,N,N,N
4519,09011325006,P,00102,Nicole Johnny                      ,Syvertsen                          ,N,N,N,J,N,KUNDER UNDER 18 ÅR                 ,N,N,N,N,N,N,N,N,N,N,N
4519,03070617357,P,01200,Frithjof Anine                     ,Busch                              ,N,N,N,J,N,KUNDER UNDER 18 ÅR                 ,N,N,N,N,N,N,N,N,N,N,N
4519,01110938310,P,00900,Nathalie Marton                    ,Osmundsen                          ,N,N,N,J,N,KUNDER UNDER 18 ÅR                 ,N,N,N,N,N,N,N,N,N,N,N
4519,03020635230,P,00102,Birgitta Helmer                    ,Myren                              ,N,N,N,J,N,KUNDER UNDER 18 ÅR                 ,N,N,N,N,N,N,N,N,N,N,N
4519,27050608005,P,01200,Margarita Sorin                    ,Bakkeli                            ,N,N,N,J,N,KUNDER UNDER 18 ÅR                 ,N,N,N,N,N,N,N,N,N,N,N
4519,02090935022,P,00900,Aagot Ionut                        ,Rashid                             ,N,N,N,J,N,KUNDER UNDER 18 ÅR                 ,N,N,N,N,N,N,N,N,N,N,N
4519,29121027710,P,00102,Mogens Mildred                     ,Brænden                            ,N,N,N,J,N,KUNDER UNDER 18 ÅR                 ,N,N,N,N,N,N,N,N,N,N,N
4519,02051452650,P,00900,Jens Cristina                      ,Fure                               ,N,N,N,J,N,KUNDER UNDER 18 ÅR                 ,N,N,N,N,N,N,N,N,N,N,N
4519,14050724132,P,01200,Palma Noel                         ,Kvilhaug                           ,N,N,N,J,N,KUNDER UNDER 18 ÅR                 ,N,N,N,N,N,N,N,N,N,N,N
4519,30120937843,P,00900,Clara Babak                        ,Lee                                ,N,N,N,J,N,KUNDER UNDER 18 ÅR                 ,N,N,N,N,N,N,N,N,N,N,N
4519,14061321978,P,00102,Tilde Roald                        ,Kilen                              ,N,N,N,J,N,KUNDER UNDER 18 ÅR                 ,N,N,N,N,N,N,N,N,N,N,N
4519,13080918407,P,01200,Wenke Tristan                      ,Ottesen                            ,N,N,N,J,N,KUNDER UNDER 18 ÅR                 ,N,N,N,N,N,N,N,N,N,N,N
4519,11110818779,P,01200,Yassin Herdis                      ,Østgaard                           ,N,N,N,J,N,KUNDER UNDER 18 ÅR                 ,N,N,N,N,N,N,N,N,N,N,N
4519,26021422419,P,01200,Ingmar Tanya                       ,Nepstad                            ,N,N,N,J,N,KUNDER UNDER 18 ÅR                 ,N,N,N,N,N,N,N,N,N,N,N
4519,29100813422,P,00102,Anne-Margrethe Ben                 ,Nyhus                              ,N,N,N,J,N,KUNDER UNDER 18 ÅR                 ,N,N,N,N,N,N,N,N,N,N,N
4519,24090952192,P,01200,Tommy Inger-Johanne                ,Kvalvik                            ,N,N,N,J,N,KUNDER UNDER 18 ÅR                 ,N,N,N,N,N,N,N,N,N,N,N
4519,18091024493,P,00900,Stefanie Rudi                      ,Fagerheim                          ,N,N,N,J,N,KUNDER UNDER 18 ÅR                 ,N,N,N,N,N,N,N,N,N,N,N
4519,21080902171,P,00102,Julio My                           ,Svensson                           ,N,N,N,J,N,KUNDER UNDER 18 ÅR                 ,N,N,N,N,N,N,N,N,N,N,N
4519,10091625380,P,00102,Tanja Paulo                        ,Edvardsen                          ,N,N,N,J,N,KUNDER UNDER 18 ÅR                 ,N,N,N,N,N,N,N,N,N,N,N
4519,19020712417,P,00102,Anne-Karine Tord                   ,Brænden                            ,N,N,N,J,N,KUNDER UNDER 18 ÅR                 ,N,N,N,N,N,N,N,N,N,N,N
4519,29011304743,P,01200,Anette Pieter                      ,Hana                               ,N,N,N,J,N,KUNDER UNDER 18 ÅR                 ,N,N,N,N,N,N,N,N,N,N,N
4519,31071226606,P,00900,Fillip Jessica                     ,Loe                                ,N,N,N,J,N,KUNDER UNDER 18 ÅR                 ,N,N,N,N,N,N,N,N,N,N,N
4519,21071052165,P,00102,Nils Wibeche                       ,Schøyen                            ,N,N,N,J,N,KUNDER UNDER 18 ÅR                 ,N,N,N,N,N,N,N,N,N,N,N
4519,26090828427,P,00800,Jette Aadne                        ,Ryland                             ,N,N,N,J,N,KUNDER UNDER 18 ÅR                 ,N,N,N,N,N,N,N,N,N,N,N
4519,16021478737,P,00102,Mattis Jytte                       ,Edvardsen                          ,N,N,N,J,N,KUNDER UNDER 18 ÅR                 ,N,N,N,N,N,N,N,N,N,N,N
4519,18031116402,P,01200,Abdirashid Adriana                 ,Heggheim                           ,N,N,N,J,N,KUNDER UNDER 18 ÅR                 ,N,N,N,N,N,N,N,N,N,N,N
4519,04050808179,P,00800,Mantas Madeleine                   ,Engum                              ,N,N,N,J,N,KUNDER UNDER 18 ÅR                 ,N,N,N,N,N,N,N,N,N,N,N
4519,09041351052,P,04511,Maj Kenneth                        ,Lysaker                            ,N,N,N,J,N,KUNDER UNDER 18 ÅR                 ,N,N,N,N,N,N,N,N,N,N,N
4519,13081130994,P,00102,Oddmar Janine                      ,Sjaastad                           ,N,N,N,J,N,KUNDER UNDER 18 ÅR                 ,N,N,N,N,N,N,N,N,N,N,N
4519,29031623837,P,01200,Frid Kris                          ,Fardal                             ,J,N,N,J,N,KUNDER UNDER 18 ÅR                 ,N,N,N,N,N,N,N,N,N,N,N
4519,08041031701,P,00102,Ådne Ina                           ,Berglund                           ,N,N,N,J,N,KUNDER UNDER 18 ÅR                 ,N,N,N,N,N,N,N,N,N,N,N
4519,31100826863,P,00900,Annlaug Jann                       ,Nekstad                            ,N,N,N,J,N,KUNDER UNDER 18 ÅR                 ,N,N,N,N,N,N,N,N,N,N,N
4519,19081713440,P,00800,Magomed Ragne                      ,Grini                              ,N,N,N,J,N,KUNDER UNDER 18 ÅR                 ,N,N,N,N,N,N,N,N,N,N,N
4519,24091433660,P,00102,Amalie Kaj                         ,Røkenes                            ,J,N,N,J,N,KUNDER UNDER 18 ÅR                 ,N,N,N,N,N,N,N,N,N,N,N
4519,11081520846,P,00900,Wiktoria Dmitri                    ,Torp                               ,J,N,N,J,N,KUNDER UNDER 18 ÅR                 ,N,N,N,N,N,N,N,N,N,N,N
4519,02101100904,P,00800,Paula Matias                       ,Torbergsen                         ,N,N,N,J,N,KUNDER UNDER 18 ÅR                 ,N,N,N,N,N,N,N,N,N,N,N
4519,01040902402,P,01200,Ingve Amela                        ,Heggset                            ,N,N,N,J,N,KUNDER UNDER 18 ÅR                 ,N,N,N,N,N,N,N,N,N,N,N
4519,29091508212,P,01200,Angelika Ingvald                   ,Randen                             ,N,N,N,J,N,KUNDER UNDER 18 ÅR                 ,N,N,N,N,N,N,N,N,N,N,N
4519,12070666780,P,00102,Aria Agnar                         ,Salamonsen                         ,N,N,N,J,N,KUNDER UNDER 18 ÅR                 ,N,N,N,N,N,N,N,N,N,N,N
4519,03050667129,P,00800,Joar Cicilie                       ,Trulsen                            ,N,N,N,J,N,KUNDER UNDER 18 ÅR                 ,N,N,N,N,N,N,N,N,N,N,N
4519,20031306389,P,01200,Viviann Dovydas                    ,Vollen                             ,N,N,N,J,N,KUNDER UNDER 18 ÅR                 ,N,N,N,N,N,N,N,N,N,N,N
4519,07060918745,P,00102,Reid Lisbeth                       ,Fardal                             ,N,N,N,J,N,KUNDER UNDER 18 ÅR                 ,N,N,N,N,N,N,N,N,N,N,N
4519,19050808206,P,00900,Stefanie Rudi                      ,Taranger                           ,N,N,N,J,N,KUNDER UNDER 18 ÅR                 ,N,N,N,N,N,N,N,N,N,N,N
4519,31121581585,P,00102,Tor-Inge Vår                       ,Bengtsson                          ,N,N,N,J,N,KUNDER UNDER 18 ÅR                 ,N,N,N,N,N,N,N,N,N,N,N
4519,13020732509,P,01200,Cathrin Frank                      ,Helset                             ,N,N,N,J,N,KUNDER UNDER 18 ÅR                 ,N,N,N,N,N,N,N,N,N,N,N
4519,05100616620,P,00102,Ågot Abdulkadir                    ,Hilstad                            ,N,N,N,J,N,KUNDER UNDER 18 ÅR                 ,N,N,N,N,N,N,N,N,N,N,N
4519,06010622814,P,00102,Eileen Stuart                      ,Skålevik                           ,N,N,N,J,N,KUNDER UNDER 18 ÅR                 ,N,N,N,N,N,N,N,N,N,N,N
4519,06081177021,P,00900,Malin Bjørge                       ,Engelund                           ,N,N,N,J,N,KUNDER UNDER 18 ÅR                 ,N,N,N,N,N,N,N,N,N,N,N
4519,05041525667,P,00102,Leni Odd-Arne                      ,Mehmood                            ,N,N,N,J,N,KUNDER UNDER 18 ÅR                 ,N,N,N,N,N,N,N,N,N,N,N
4519,27051317845,P,00102,Knud Mathea                        ,Abdullah                           ,N,N,N,J,N,KUNDER UNDER 18 ÅR                 ,N,N,N,N,N,N,N,N,N,N,N
4519,01041003932,P,00102,Nils Bertha                        ,Finnesand                          ,N,N,N,J,N,KUNDER UNDER 18 ÅR                 ,N,N,N,N,N,N,N,N,N,N,N
4519,02080632013,P,00102,Karsten Josefin                    ,Vindenes                           ,J,N,N,J,N,KUNDER UNDER 18 ÅR                 ,N,N,N,N,N,N,N,N,N,N,N
4519,01040716021,P,00900,Edel Kim-Andre                     ,Weum                               ,N,N,N,J,N,KUNDER UNDER 18 ÅR                 ,N,N,N,N,N,N,N,N,N,N,N
4519,29060716550,P,00800,Mia Alv                            ,Moldskred                          ,N,N,N,J,N,KUNDER UNDER 18 ÅR                 ,N,N,N,N,N,N,N,N,N,N,N
4519,27121119892,P,00102,Afrim Nansy                        ,Rui                                ,N,N,N,J,N,KUNDER UNDER 18 ÅR                 ,N,N,N,N,N,N,N,N,N,N,N
4519,09010700725,P,00102,Kathrin Orhan                      ,Ervik                              ,N,N,N,J,N,KUNDER UNDER 18 ÅR                 ,N,N,N,N,N,N,N,N,N,N,N
4519,25021011307,P,00102,Anne-Sofie Abdulahi                ,Hellstrøm                          ,N,N,N,J,N,KUNDER UNDER 18 ÅR                 ,N,N,N,N,N,N,N,N,N,N,N
4519,18120726753,P,00900,Fridtjov Live                      ,Lindås                             ,N,N,N,J,N,KUNDER UNDER 18 ÅR                 ,N,N,N,N,N,N,N,N,N,N,N
4519,23110612915,P,00800,Hallstein Torhild                  ,Fagerheim                          ,J,N,N,J,N,KUNDER UNDER 18 ÅR                 ,N,N,N,N,N,N,N,N,N,N,N
4519,03050714089,P,00102,Thorbjørg Mohsen                   ,Olavesen                           ,N,N,N,J,N,KUNDER UNDER 18 ÅR                 ,N,N,N,N,N,N,N,N,N,N,N
4519,25021301488,P,00102,Anastasia Thorgeir                 ,Storsve                            ,N,N,N,J,N,KUNDER UNDER 18 ÅR                 ,N,N,N,N,N,N,N,N,N,N,N
4519,30101304740,P,00900,Thorsten Birgit                    ,Vestre                             ,N,N,N,J,N,KUNDER UNDER 18 ÅR                 ,N,N,N,N,N,N,N,N,N,N,N
4519,16041006793,P,00900,Maricel Stuart                     ,Fadnes                             ,N,N,N,J,N,KUNDER UNDER 18 ÅR                 ,N,N,N,N,N,N,N,N,N,N,N
4519,24080602207,P,00102,Elsie Mindaugas                    ,Nilssen                            ,N,N,N,J,N,KUNDER UNDER 18 ÅR                 ,N,N,N,N,N,N,N,N,N,N,N
4519,26060919118,P,01200,Erland Kinga                       ,Bui                                ,N,N,N,J,N,KUNDER UNDER 18 ÅR                 ,N,N,N,N,N,N,N,N,N,N,N
4519,28071153861,P,00800,Mette Eduard                       ,Nysæter                            ,N,N,N,J,N,KUNDER UNDER 18 ÅR                 ,N,N,N,N,N,N,N,N,N,N,N
4519,25121276855,P,00102,Ingo Loreta                        ,Sanne                              ,N,N,N,J,N,KUNDER UNDER 18 ÅR                 ,N,N,N,N,N,N,N,N,N,N,N
4519,31071423258,P,00102,Eivin Gisela                       ,Johansen                           ,N,N,N,J,N,KUNDER UNDER 18 ÅR                 ,N,N,N,N,N,N,N,N,N,N,N
4519,04040610257,P,00800,Thorhild Bjørge                    ,Skauen                             ,N,N,N,J,N,KUNDER UNDER 18 ÅR                 ,N,N,N,N,N,N,N,N,N,N,N
4519,13121306101,P,01200,Olle Emely                         ,Rui                                ,N,N,N,J,N,KUNDER UNDER 18 ÅR                 ,N,N,N,N,N,N,N,N,N,N,N
4519,17061208089,P,00900,Sonja Jorulf                       ,Lyng                               ,N,N,N,N,N,KUNDER UNDER 18 ÅR                 ,N,N,N,N,N,N,N,N,N,N,N
4519,29040824896,P,00800,Fillip Jessica                     ,Rekkedal                           ,N,N,N,J,N,KUNDER UNDER 18 ÅR                 ,N,N,N,N,N,N,N,N,N,N,N
4519,10031405101,P,00900,Kristi Torbjørn                    ,Midttveit                          ,N,N,N,J,N,KUNDER UNDER 18 ÅR                 ,N,N,N,N,N,N,N,N,N,N,N
4519,25111376967,P,00102,Ernestas Ina                       ,Hellesø                            ,N,N,N,J,N,KUNDER UNDER 18 ÅR                 ,N,N,N,N,N,N,N,N,N,N,N
4519,27010607170,P,00900,Erland Maiken                      ,Sulen                              ,N,N,N,J,N,KUNDER UNDER 18 ÅR                 ,N,N,N,N,N,N,N,N,N,N,N
4519,04051067695,P,01200,Maryann Nikolai                    ,Bendiksen                          ,N,N,N,J,N,KUNDER UNDER 18 ÅR                 ,N,N,N,N,N,N,N,N,N,N,N
4519,09041409093,P,01200,Nada Pawel                         ,Moradi                             ,N,N,N,J,N,KUNDER UNDER 18 ÅR                 ,N,N,N,N,N,N,N,N,N,N,N
4519,02050859846,P,00102,Elfrid Øyvind                      ,Aarsand                            ,N,N,N,J,N,KUNDER UNDER 18 ÅR                 ,N,N,N,N,N,N,N,N,N,N,N
4519,05031318043,P,00800,Rizwan Gyri                        ,Evenstad                           ,J,N,N,J,N,KUNDER UNDER 18 ÅR                 ,N,N,N,N,N,N,N,N,N,N,N
4519,17071022110,P,00102,Darius Sylvi                       ,Lohne                              ,N,N,N,J,N,KUNDER UNDER 18 ÅR                 ,N,N,N,N,N,N,N,N,N,N,N
4519,17050600424,P,01200,Alia Berge                         ,Homme                              ,N,N,N,J,N,KUNDER UNDER 18 ÅR                 ,N,N,N,N,N,N,N,N,N,N,N
4519,02040729847,P,00102,Tron Marlena                       ,Ottersen                           ,N,N,N,J,N,KUNDER UNDER 18 ÅR                 ,N,N,N,N,N,N,N,N,N,N,N
4519,25010823814,P,00900,Betsy Kenny                        ,Engeseth                           ,N,N,N,J,N,KUNDER UNDER 18 ÅR                 ,N,N,N,N,N,N,N,N,N,N,N
4519,29010705744,P,00102,Ylva Valentin                      ,Englund                            ,N,N,N,J,N,KUNDER UNDER 18 ÅR                 ,N,N,N,N,N,N,N,N,N,N,N
4519,18100833286,P,00102,Tony Katerina                      ,Herheim                            ,N,N,N,J,N,KUNDER UNDER 18 ÅR                 ,N,N,N,N,N,N,N,N,N,N,N
4519,26060614783,P,01200,Anne-Gro Viktors                   ,Tungland                           ,N,N,N,J,N,KUNDER UNDER 18 ÅR                 ,N,N,N,N,N,N,N,N,N,N,N
4519,13110828890,P,00800,Magomed Mari-Anne                  ,Lande                              ,N,N,N,J,N,KUNDER UNDER 18 ÅR                 ,N,N,N,N,N,N,N,N,N,N,N
4519,25040727623,P,00900,Irma Stein-Erik                    ,Hope                               ,N,N,N,J,N,KUNDER UNDER 18 ÅR                 ,N,N,N,N,N,N,N,N,N,N,N
4519,29010607572,P,00900,Karla Sture                        ,Wibe                               ,N,N,N,J,N,KUNDER UNDER 18 ÅR                 ,N,N,N,N,N,N,N,N,N,N,N
4519,10080808688,P,00900,Christine Egon                     ,Høyland                            ,N,N,N,J,N,KUNDER UNDER 18 ÅR                 ,N,N,N,N,N,N,N,N,N,N,N
4519,19070755303,P,00102,Vasile Heidrun                     ,Skauen                             ,N,N,N,J,N,KUNDER UNDER 18 ÅR                 ,N,N,N,N,N,N,N,N,N,N,N
4519,02060872298,P,00102,Stein Mariel                       ,Mustafa                            ,N,N,N,J,N,KUNDER UNDER 18 ÅR                 ,N,N,N,N,N,N,N,N,N,N,N
4519,25081113389,P,00102,Uno Eilin                          ,Bjerkelund                         ,J,N,N,J,N,KUNDER UNDER 18 ÅR                 ,N,N,N,N,N,N,N,N,N,N,N
4519,28031210986,P,00900,Farhad Ann-Cecilie                 ,Skauen                             ,N,N,N,J,N,KUNDER UNDER 18 ÅR                 ,N,N,N,N,N,N,N,N,N,N,N
4519,04071337710,P,00102,Hroar Elizabeth                    ,Hatteland                          ,N,N,N,J,N,KUNDER UNDER 18 ÅR                 ,N,N,N,N,N,N,N,N,N,N,N
4519,11050709258,P,00102,Willy Bodil                        ,Hagberg                            ,N,N,N,J,N,KUNDER UNDER 18 ÅR                 ,N,N,N,N,N,N,N,N,N,N,N
4519,20071612776,P,00900,Jannicke Ari                       ,Mjønes                             ,N,N,N,J,N,KUNDER UNDER 18 ÅR                 ,N,N,N,N,N,N,N,N,N,N,N
4519,22101179137,P,00102,Ubah Rune                          ,Røise                              ,N,N,N,J,N,KUNDER UNDER 18 ÅR                 ,N,N,N,N,N,N,N,N,N,N,N
4519,30050636433,P,00102,Sabina Jahn                        ,Hellesø                            ,N,N,N,J,N,KUNDER UNDER 18 ÅR                 ,N,N,N,N,N,N,N,N,N,N,N
4519,14071604447,P,00102,Hawa Hallgeir                      ,Korsvik                            ,N,N,N,J,N,KUNDER UNDER 18 ÅR                 ,N,N,N,N,N,N,N,N,N,N,N
4519,03031026589,P,01200,Sabrina Gudbrand                   ,Hjelvik                            ,N,N,N,J,N,KUNDER UNDER 18 ÅR                 ,N,N,N,N,N,N,N,N,N,N,N
4519,16031211992,P,00900,Oddveig Frank                      ,Dalby                              ,N,N,N,J,N,KUNDER UNDER 18 ÅR                 ,N,N,N,N,N,N,N,N,N,N,N
4519,14100629853,P,00800,Edda Boye                          ,Sunde                              ,N,N,N,J,N,KUNDER UNDER 18 ÅR                 ,N,N,N,N,N,N,N,N,N,N,N
4519,14031319383,P,01200,Rimantas Roberta                   ,Dyrnes                             ,N,N,N,J,N,KUNDER UNDER 18 ÅR                 ,N,N,N,N,N,N,N,N,N,N,N
4519,17041212624,P,00900,Ole-Jacob Anne-Berit               ,Skauen                             ,N,N,N,J,N,KUNDER UNDER 18 ÅR                 ,N,N,N,N,N,N,N,N,N,N,N
4519,06070765630,P,00800,Aigars Asbjørg                     ,Kristiansen                        ,N,N,N,J,N,KUNDER UNDER 18 ÅR                 ,N,N,N,N,N,N,N,N,N,N,N
4519,05050874569,P,00102,Petr Janne                         ,Svensson                           ,N,N,N,J,N,KUNDER UNDER 18 ÅR                 ,N,N,N,N,N,N,N,N,N,N,N
4519,07100777651,P,00102,Wioletta Torgny                    ,Vangsnes                           ,N,N,N,J,N,KUNDER UNDER 18 ÅR                 ,N,N,N,N,N,N,N,N,N,N,N
4519,07100776515,P,00900,Rizwan Sonia                       ,Mahamud                            ,N,N,N,J,N,KUNDER UNDER 18 ÅR                 ,N,N,N,N,N,N,N,N,N,N,N
4519,27020960707,P,00102,Oluf Elisa                         ,Ottersen                           ,N,N,N,J,N,KUNDER UNDER 18 ÅR                 ,N,N,N,N,N,N,N,N,N,N,N
4519,25011100158,P,00102,Bettina Babak                      ,Berisha                            ,N,N,N,J,N,KUNDER UNDER 18 ÅR                 ,N,N,N,N,N,N,N,N,N,N,N
4519,15091063481,P,01200,Ewelina Anstein                    ,Homme                              ,N,N,N,J,N,KUNDER UNDER 18 ÅR                 ,N,N,N,N,N,N,N,N,N,N,N
4519,04020780156,P,00800,Shabana Jahn                       ,Trøen                              ,N,N,N,J,N,KUNDER UNDER 18 ÅR                 ,N,N,N,N,N,N,N,N,N,N,N
4519,02071401661,P,01200,Ole-Kristian Gunnel                ,Hammersland                        ,N,N,N,J,N,KUNDER UNDER 18 ÅR                 ,N,N,N,N,N,N,N,N,N,N,N
4519,12080678310,P,01200,Margot Vilius                      ,Fure                               ,N,J,N,J,N,KUNDER UNDER 18 ÅR                 ,N,N,N,N,N,N,N,N,N,N,N
4519,13060620312,P,01200,Balder Cicilie                     ,Grinde                             ,N,N,N,J,N,KUNDER UNDER 18 ÅR                 ,N,N,N,N,N,N,N,N,N,N,N
4519,02090929677,P,00900,Linn-Kristin Alex                  ,Molund                             ,N,N,N,J,N,KUNDER UNDER 18 ÅR                 ,N,N,N,N,N,N,N,N,N,N,N
4519,27060914503,P,00102,Francesco Shazia                   ,Dahl                               ,N,N,N,J,N,KUNDER UNDER 18 ÅR                 ,N,N,N,N,N,N,N,N,N,N,N
4519,19020902658,P,00102,Isabell Tristan                    ,Walderhaug                         ,N,N,N,J,N,KUNDER UNDER 18 ÅR                 ,N,N,N,N,N,N,N,N,N,N,N
4519,02041632405,P,00800,Thi Torgny                         ,Malm                               ,N,N,N,J,N,KUNDER UNDER 18 ÅR                 ,N,N,N,N,N,N,N,N,N,N,N
4519,27071250372,P,00900,Malena Maciej                      ,Hotvedt                            ,N,N,N,J,N,KUNDER UNDER 18 ÅR                 ,N,N,N,N,N,N,N,N,N,N,N
4519,22061225971,P,00102,Hoa Agnar                          ,Wiker                              ,N,N,N,J,N,KUNDER UNDER 18 ÅR                 ,N,N,N,N,N,N,N,N,N,N,N
4519,21050620406,P,00800,Tarjei Gurine                      ,Bekkelund                          ,N,N,N,J,N,KUNDER UNDER 18 ÅR                 ,N,N,N,N,N,N,N,N,N,N,N
4519,07081205617,P,00102,Ingo Margun                        ,Monstad                            ,N,N,N,J,N,KUNDER UNDER 18 ÅR                 ,N,N,N,N,N,N,N,N,N,N,N
4519,05041240743,P,00800,Sigrid Gudbrand                    ,Voll                               ,N,N,N,J,N,KUNDER UNDER 18 ÅR                 ,N,N,N,N,N,N,N,N,N,N,N
4519,06031313862,P,00102,Franz Maria                        ,Wolff                              ,N,N,N,J,N,KUNDER UNDER 18 ÅR                 ,N,N,N,N,N,N,N,N,N,N,N
4519,28040923731,P,00102,Timothy Hilde                      ,Gram                               ,N,N,N,J,N,KUNDER UNDER 18 ÅR                 ,N,N,N,N,N,N,N,N,N,N,N
4519,29031126132,P,00900,Ramune Herleif                     ,Moldestad                          ,N,N,N,J,N,KUNDER UNDER 18 ÅR                 ,N,N,N,N,N,N,N,N,N,N,N
4519,10060619412,P,00800,Sigfred Jutta                      ,Torsvik                            ,N,N,N,J,N,KUNDER UNDER 18 ÅR                 ,N,N,N,N,N,N,N,N,N,N,N
4519,03040713629,P,00900,Edward Rina                        ,Osmundsen                          ,N,N,N,J,N,KUNDER UNDER 18 ÅR                 ,N,N,N,N,N,N,N,N,N,N,N
4519,09121309979,P,00102,Fredrik Charlotte                  ,Rye                                ,N,N,N,J,N,KUNDER UNDER 18 ÅR                 ,N,N,N,N,N,N,N,N,N,N,N
4519,14031112363,P,00102,Werner Tea                         ,Høyvik                             ,N,N,N,J,N,KUNDER UNDER 18 ÅR                 ,N,N,N,N,N,N,N,N,N,N,N
4519,15030823238,P,00102,Silje Sigve                        ,Skoge                              ,J,N,N,J,N,KUNDER UNDER 18 ÅR                 ,N,N,N,N,N,N,N,N,N,N,N
4519,02090823704,P,00900,Ahmet Andreea                      ,Wanvik                             ,N,N,N,J,N,KUNDER UNDER 18 ÅR                 ,N,N,N,N,N,N,N,N,N,N,N
4519,11020964229,P,00900,Ildri Folke                        ,Moltu                              ,N,N,N,J,N,KUNDER UNDER 18 ÅR                 ,N,N,N,N,N,N,N,N,N,N,N
4519,14081524794,P,01200,Alexandre Dødsbo                   ,Kleiven                            ,N,N,N,J,N,KUNDER UNDER 18 ÅR                 ,N,N,N,N,N,N,N,N,N,N,N
4519,04061405076,P,00102,Tony Selamawit                     ,Kjøde                              ,N,N,N,J,N,KUNDER UNDER 18 ÅR                 ,N,N,N,N,N,N,N,N,N,N,N
4519,25100602779,P,00102,Anstein Sigridur                   ,Rikardsen                          ,N,N,N,J,N,KUNDER UNDER 18 ÅR                 ,N,N,N,N,N,N,N,N,N,N,N
4519,19061215568,P,00102,Nils Maren                         ,Ervik                              ,N,N,N,J,N,KUNDER UNDER 18 ÅR                 ,N,N,N,N,N,N,N,N,N,N,N
4519,06010825227,P,01200,Tron Marlena                       ,Berland                            ,N,N,N,J,N,KUNDER UNDER 18 ÅR                 ,N,N,N,N,N,N,N,N,N,N,N
4519,25071454277,P,00102,Thorild Fridtjov                   ,Nielsen                            ,N,N,N,J,N,KUNDER UNDER 18 ÅR                 ,N,N,N,N,N,N,N,N,N,N,N
4519,29011016683,P,00102,Torgny Eira                        ,Skarstad                           ,N,N,N,J,N,KUNDER UNDER 18 ÅR                 ,N,N,N,N,N,N,N,N,N,N,N
4519,31011111362,P,01200,Werner Vally                       ,Nordtveit                          ,N,N,N,J,N,KUNDER UNDER 18 ÅR                 ,N,N,N,N,N,N,N,N,N,N,N
4519,03111230276,P,00102,Tore Hulda                         ,Sagmo                              ,N,N,N,J,N,KUNDER UNDER 18 ÅR                 ,N,N,N,N,N,N,N,N,N,N,N
4519,16111027661,P,01200,Viviann Mathis                     ,Andreassen                         ,N,N,N,J,N,KUNDER UNDER 18 ÅR                 ,N,N,N,N,N,N,N,N,N,N,N
4519,22070725332,P,00900,Agnethe Syed                       ,Aam                                ,N,N,N,J,N,KUNDER UNDER 18 ÅR                 ,N,N,N,N,N,N,N,N,N,N,N
4519,25050835424,P,01200,Mary-Ann Odd-Arne                  ,Loe                                ,N,N,N,J,N,KUNDER UNDER 18 ÅR                 ,N,N,N,N,N,N,N,N,N,N,N
4519,10080835952,P,00102,Benny Beatrice                     ,Slåen                              ,N,N,N,J,N,KUNDER UNDER 18 ÅR                 ,N,N,N,N,N,N,N,N,N,N,N
4519,12040639355,P,00102,Vivi Jorulf                        ,Sæland                             ,N,N,N,J,N,KUNDER UNDER 18 ÅR                 ,N,N,N,N,N,N,N,N,N,N,N
4519,07091014097,P,00800,Manuela Mehran                     ,Tennfjord                          ,N,N,N,J,N,KUNDER UNDER 18 ÅR                 ,N,N,N,N,N,N,N,N,N,N,N
4519,21070675800,P,01200,Hamed Monica                       ,Alsos                              ,N,N,N,J,N,KUNDER UNDER 18 ÅR                 ,N,N,N,N,N,N,N,N,N,N,N
4519,07060923730,P,00102,Farhad Lucy                        ,Svensson                           ,N,N,N,J,N,KUNDER UNDER 18 ÅR                 ,N,N,N,N,N,N,N,N,N,N,N
4519,27031478737,P,00102,Sahar Jorulf                       ,Rye                                ,N,N,N,J,N,KUNDER UNDER 18 ÅR                 ,N,N,N,N,N,N,N,N,N,N,N
4519,02091407593,P,01200,Edgars Nicola                      ,Leknes                             ,N,N,N,J,N,KUNDER UNDER 18 ÅR                 ,N,N,N,N,N,N,N,N,N,N,N
4519,06051106995,P,00102,Denis Rigmor                       ,Ulvund                             ,N,N,N,J,N,KUNDER UNDER 18 ÅR                 ,N,N,N,N,N,N,N,N,N,N,N
4519,25080806380,P,00102,Ragne Asbjørn                      ,Nergård                            ,N,N,N,J,N,KUNDER UNDER 18 ÅR                 ,N,N,N,N,N,N,N,N,N,N,N
4519,08021404854,P,00900,Liselotte Duc                      ,Rolfsen                            ,N,N,N,J,N,KUNDER UNDER 18 ÅR                 ,N,N,N,N,N,N,N,N,N,N,N
4519,24040906807,P,00900,Kristiane Kato                     ,Helseth                            ,N,N,N,J,N,KUNDER UNDER 18 ÅR                 ,N,N,N,N,N,N,N,N,N,N,N
4519,25111315097,P,00900,Natasa Agnar                       ,Øygard                             ,N,N,N,J,N,KUNDER UNDER 18 ÅR                 ,N,N,N,N,N,N,N,N,N,N,N
4519,08071304036,P,00800,Giske Kemal                        ,Slåtten                            ,N,N,N,J,N,KUNDER UNDER 18 ÅR                 ,N,N,N,N,N,N,N,N,N,N,N
4519,05121418608,P,00102,Ib Arnhild                         ,Hay                                ,N,N,N,J,N,KUNDER UNDER 18 ÅR                 ,N,N,N,N,N,N,N,N,N,N,N
4519,09081429240,P,00102,Eduardo Silje                      ,Skogvoll                           ,N,N,N,J,N,KUNDER UNDER 18 ÅR                 ,N,N,N,N,N,N,N,N,N,N,N
4519,07020763366,P,01200,Dorota Tristan                     ,Angvik                             ,N,N,N,J,N,KUNDER UNDER 18 ÅR                 ,N,N,N,N,N,N,N,N,N,N,N
4519,13121221653,P,00900,Vaida Noel                         ,Rashid                             ,N,N,N,J,N,KUNDER UNDER 18 ÅR                 ,N,N,N,N,N,N,N,N,N,N,N
4519,22071101146,P,01200,Gordon Milena                      ,Schøyen                            ,N,N,N,J,N,KUNDER UNDER 18 ÅR                 ,N,N,N,N,N,N,N,N,N,N,N
4519,28111505154,P,00900,Alla Asbjørn                       ,Moldskred                          ,N,N,N,J,N,KUNDER UNDER 18 ÅR                 ,N,N,N,N,N,N,N,N,N,N,N
4519,18030678466,P,00102,Gitte Frederik                     ,Aarsand                            ,N,N,N,J,N,KUNDER UNDER 18 ÅR                 ,N,N,N,N,N,N,N,N,N,N,N
4519,11040624033,P,01200,Huda Dario                         ,Borge                              ,N,N,N,J,N,KUNDER UNDER 18 ÅR                 ,N,N,N,N,N,N,N,N,N,N,N
4519,11120915047,P,00102,Ilyas Hellen                       ,Flatland                           ,J,N,N,J,N,KUNDER UNDER 18 ÅR                 ,N,N,N,N,N,N,N,N,N,N,N
4519,02071104322,P,00102,Kathleen Willy                     ,Christiansen                       ,N,N,N,J,N,KUNDER UNDER 18 ÅR                 ,N,N,N,N,N,N,N,N,N,N,N
4519,16011214898,P,01200,Ramunas Mirja                      ,Schøyen                            ,N,N,N,J,N,KUNDER UNDER 18 ÅR                 ,N,N,N,N,N,N,N,N,N,N,N
4519,18121005855,P,00102,Tron Eline                         ,Trøen                              ,N,N,N,J,N,KUNDER UNDER 18 ÅR                 ,N,N,N,N,N,N,N,N,N,N,N
4519,04120901856,P,01200,Wenche Bjørge                      ,Bjørvik                            ,N,N,N,J,N,KUNDER UNDER 18 ÅR                 ,N,N,N,N,N,N,N,N,N,N,N
4519,25070732265,P,01200,Daniella Ole-Morten                ,Abbas                              ,N,N,N,J,N,KUNDER UNDER 18 ÅR                 ,N,N,N,N,N,N,N,N,N,N,N
4519,01071214962,P,00102,Morteza Sandra                     ,Alver                              ,N,N,N,J,N,KUNDER UNDER 18 ÅR                 ,N,N,N,N,N,N,N,N,N,N,N
4519,31011021304,P,01200,Jo Keth                            ,Blomvik                            ,N,N,N,J,N,KUNDER UNDER 18 ÅR                 ,N,N,N,N,N,N,N,N,N,N,N
4519,28070732868,P,00900,Agnete Willy                       ,Kleiven                            ,N,N,N,J,N,KUNDER UNDER 18 ÅR                 ,N,N,N,N,N,N,N,N,N,N,N
4519,19101212923,P,00900,Juan Lorna                         ,Fjæreide                           ,N,N,N,J,N,KUNDER UNDER 18 ÅR                 ,N,N,N,N,N,N,N,N,N,N,N
4519,20070625343,P,00102,Heiko Merethe                      ,Svensson                           ,N,N,N,J,N,KUNDER UNDER 18 ÅR                 ,N,N,N,N,N,N,N,N,N,N,N
4519,18110917445,P,00102,Rodrigo Oksana                     ,Flatøy                             ,N,N,N,J,N,KUNDER UNDER 18 ÅR                 ,N,N,N,N,N,N,N,N,N,N,N
4519,10071107553,P,00102,Benedicte Holger                   ,Hjortland                          ,N,N,N,J,N,KUNDER UNDER 18 ÅR                 ,N,N,N,N,N,N,N,N,N,N,N
4519,18091009869,P,03300,Kolbjørn Christina                 ,Skjold                             ,N,N,N,J,N,KUNDER UNDER 18 ÅR                 ,N,N,N,N,N,N,N,N,N,N,N
4519,23101424642,P,00102,Bergitte Thom                      ,Lyshaug                            ,N,N,N,J,N,KUNDER UNDER 18 ÅR                 ,N,N,N,N,N,N,N,N,N,N,N
4519,22031177824,P,01200,Shirin Søren                       ,Sæbø                               ,N,N,N,J,N,KUNDER UNDER 18 ÅR                 ,N,N,N,N,N,N,N,N,N,N,N
4519,06011032557,P,00102,Brigt Larissa                      ,Orvik                              ,N,N,N,J,N,KUNDER UNDER 18 ÅR                 ,N,N,N,N,N,N,N,N,N,N,N
4519,28050737855,P,00102,Zdzislaw Wioleta                   ,Lindås                             ,N,N,N,J,N,KUNDER UNDER 18 ÅR                 ,N,N,N,N,N,N,N,N,N,N,N
4519,26110928032,P,00102,Andrius Marzena                    ,Ngo                                ,N,N,N,J,N,KUNDER UNDER 18 ÅR                 ,N,N,N,N,N,N,N,N,N,N,N
4519,08010701156,P,00900,Mila Jorulf                        ,Haavik                             ,N,N,N,J,N,KUNDER UNDER 18 ÅR                 ,N,N,N,N,N,N,N,N,N,N,N
4519,22111214518,P,01200,Gunnel Kenneth                     ,Slåtten                            ,N,N,N,J,N,KUNDER UNDER 18 ÅR                 ,N,N,N,N,N,N,N,N,N,N,N
4519,06120620175,P,00102,Knud Sally                         ,Borge                              ,N,N,N,J,N,KUNDER UNDER 18 ÅR                 ,N,N,N,N,N,N,N,N,N,N,N
4519,07111130382,P,00800,Tarjei Gunnvor                     ,Hovde                              ,N,N,N,J,N,KUNDER UNDER 18 ÅR                 ,N,N,N,N,N,N,N,N,N,N,N
4519,26011112756,P,01200,Marton Thao                        ,Langmo                             ,N,N,N,J,N,KUNDER UNDER 18 ÅR                 ,N,N,N,N,N,N,N,N,N,N,N
4519,20061024310,P,00900,Helen Asbjørn                      ,Værnes                             ,N,N,N,J,N,KUNDER UNDER 18 ÅR                 ,N,N,N,N,N,N,N,N,N,N,N
4519,04031502050,P,00102,Curt Daniella                      ,Kyvik                              ,N,N,N,J,N,KUNDER UNDER 18 ÅR                 ,N,N,N,N,N,N,N,N,N,N,N
4519,02090806079,P,01200,Oskar Solveig                      ,Grønberg                           ,N,N,N,J,N,KUNDER UNDER 18 ÅR                 ,N,N,N,N,N,N,N,N,N,N,N
4519,25060707688,P,01200,Nanna Mika                         ,Brænden                            ,N,N,N,J,N,KUNDER UNDER 18 ÅR                 ,N,N,N,N,N,N,N,N,N,N,N
4519,20031101965,P,00800,Valter Ulrika                      ,Lockert                            ,N,N,N,J,N,KUNDER UNDER 18 ÅR                 ,N,N,N,N,N,N,N,N,N,N,N
4519,05120975260,P,00800,Jeanett Stig                       ,Frisvold                           ,J,N,N,J,N,KUNDER UNDER 18 ÅR                 ,N,N,N,N,N,N,N,N,N,N,N
4519,26121127805,P,00102,Idun Biniam                        ,Nodeland                           ,N,N,N,J,N,KUNDER UNDER 18 ÅR                 ,N,N,N,N,N,N,N,N,N,N,N
4519,28041409772,P,01200,Darius Amela                       ,Mustafa                            ,N,N,N,J,N,KUNDER UNDER 18 ÅR                 ,N,N,N,N,N,N,N,N,N,N,N
4519,28061004973,P,01200,Helen Vincent                      ,Hasund                             ,N,N,N,J,N,KUNDER UNDER 18 ÅR                 ,N,N,N,N,N,N,N,N,N,N,N
4519,27070653112,P,00900,Linn Søren                         ,Høgset                             ,N,N,N,J,N,KUNDER UNDER 18 ÅR                 ,N,N,N,N,N,N,N,N,N,N,N
4519,27101614587,P,00102,Viviann Ben                        ,Orvik                              ,N,N,N,J,N,KUNDER UNDER 18 ÅR                 ,N,N,N,N,N,N,N,N,N,N,N
4519,20021620425,P,00102,Ravn Lise                          ,Hatteland                          ,N,N,N,J,N,KUNDER UNDER 18 ÅR                 ,N,N,N,N,N,N,N,N,N,N,N
4519,27011028174,P,00102,Ådne Anna-Karin                    ,Isdal                              ,N,N,N,J,N,KUNDER UNDER 18 ÅR                 ,N,N,N,N,N,N,N,N,N,N,N
4519,22031112609,P,00900,Arnfrid Kaj                        ,Nielsen                            ,N,N,N,J,N,KUNDER UNDER 18 ÅR                 ,N,N,N,N,N,N,N,N,N,N,N
4519,28040927915,P,01200,Torhild Egon                       ,Nygård                             ,N,N,N,J,N,KUNDER UNDER 18 ÅR                 ,N,N,N,N,N,N,N,N,N,N,N
4519,19050670522,P,00900,Gregor Taran                       ,Fardal                             ,N,N,N,J,N,KUNDER UNDER 18 ÅR                 ,N,N,N,N,N,N,N,N,N,N,N
4519,01110606016,P,00800,Mantas Inez                        ,Valseth                            ,N,N,N,J,N,KUNDER UNDER 18 ÅR                 ,N,N,N,N,N,N,N,N,N,N,N
4519,20081330647,P,01200,Petras Zivile                      ,Aaby                               ,N,N,N,J,N,KUNDER UNDER 18 ÅR                 ,N,N,N,N,N,N,N,N,N,N,N
4519,05020634253,P,00900,Juan Mai                           ,Wroldsen                           ,N,N,N,J,N,KUNDER UNDER 18 ÅR                 ,N,N,N,N,N,N,N,N,N,N,N
4519,16061303840,P,01200,Wojciech Laila                     ,Waaler                             ,N,N,N,J,N,KUNDER UNDER 18 ÅR                 ,N,N,N,N,N,N,N,N,N,N,N
4519,11101105085,P,00102,Sophia Kolbein                     ,Abdi                               ,N,N,N,J,N,KUNDER UNDER 18 ÅR                 ,N,N,N,N,N,N,N,N,N,N,N
4519,17021318426,P,00102,Andres Susanne                     ,Skjong                             ,N,N,N,J,N,KUNDER UNDER 18 ÅR                 ,N,N,N,N,N,N,N,N,N,N,N
4519,12031025565,P,00102,Aadne Eliza                        ,Arnestad                           ,N,N,N,J,N,KUNDER UNDER 18 ÅR                 ,N,N,N,N,N,N,N,N,N,N,N
4519,04091113711,P,00800,Yassin Judy                        ,Storsve                            ,N,N,N,J,N,KUNDER UNDER 18 ÅR                 ,N,N,N,N,N,N,N,N,N,N,N
4519,14021324540,P,01200,Tom-Arne Aileen                    ,Lysø                               ,N,N,N,J,N,KUNDER UNDER 18 ÅR                 ,N,N,N,N,N,N,N,N,N,N,N
4519,16010737412,P,00900,Yosef Svetlana                     ,Løvseth                            ,N,N,N,J,N,KUNDER UNDER 18 ÅR                 ,N,N,N,N,N,N,N,N,N,N,N
4519,31031108600,P,00900,Mette Florian                      ,Barstad                            ,N,N,N,J,N,KUNDER UNDER 18 ÅR                 ,N,N,N,N,N,N,N,N,N,N,N
4519,29080936689,P,00102,Christina Sindre                   ,Moholt                             ,N,N,N,J,N,KUNDER UNDER 18 ÅR                 ,N,N,N,N,N,N,N,N,N,N,N
4519,11030823291,P,01200,Thorsten Tiina                     ,Nysæther                           ,N,N,N,J,N,KUNDER UNDER 18 ÅR                 ,N,N,N,N,N,N,N,N,N,N,N
4519,12080951017,P,00102,Ine Manuel                         ,Vevang                             ,N,N,N,J,N,KUNDER UNDER 18 ÅR                 ,N,N,N,N,N,N,N,N,N,N,N
4519,09071414644,P,00102,Kjerstin Abdulkadir                ,Homme                              ,N,N,N,J,N,KUNDER UNDER 18 ÅR                 ,N,N,N,N,N,N,N,N,N,N,N
4519,12100909993,P,00102,Josefine Arnvid                    ,Dybvik                             ,N,N,N,J,N,KUNDER UNDER 18 ÅR                 ,N,N,N,N,N,N,N,N,N,N,N
4519,05111124525,P,00102,Geir Leah                          ,Edvardsen                          ,N,N,N,J,N,KUNDER UNDER 18 ÅR                 ,N,N,N,N,N,N,N,N,N,N,N
4519,07060929844,P,00900,Fillip Jessica                     ,Aske                               ,N,N,N,J,N,KUNDER UNDER 18 ÅR                 ,N,N,N,N,N,N,N,N,N,N,N
4519,15090970175,P,00800,Edel Kenneth                       ,Alsos                              ,N,N,N,J,N,KUNDER UNDER 18 ÅR                 ,N,N,N,N,N,N,N,N,N,N,N
4519,30010904699,P,00900,Neil Erin                          ,Rolfsen                            ,N,N,N,J,N,KUNDER UNDER 18 ÅR                 ,N,N,N,N,N,N,N,N,N,N,N
4519,08011675043,P,00900,Christen Anny                      ,Brakstad                           ,N,N,N,J,N,KUNDER UNDER 18 ÅR                 ,N,N,N,N,N,N,N,N,N,N,N
4519,09041321730,P,01200,Ingo Annelin                       ,Øye                                ,N,N,N,J,N,KUNDER UNDER 18 ÅR                 ,N,N,N,N,N,N,N,N,N,N,N
4519,10081030451,P,00800,Rannei Gard                        ,Malm                               ,N,N,N,J,N,KUNDER UNDER 18 ÅR                 ,N,N,N,N,N,N,N,N,N,N,N
4519,23090967274,P,00800,Carina Knut-Erik                   ,Vevang                             ,N,N,N,J,N,KUNDER UNDER 18 ÅR                 ,N,N,N,N,N,N,N,N,N,N,N
4519,10091056661,P,00102,Jane Mladen                        ,Sørbø                              ,J,N,N,J,N,KUNDER UNDER 18 ÅR                 ,N,N,N,N,N,N,N,N,N,N,N
4519,22091118924,P,01200,Rodney Hildegun                    ,Berge                              ,N,N,N,J,N,KUNDER UNDER 18 ÅR                 ,N,N,N,N,N,N,N,N,N,N,N
4519,20121581222,P,00102,Cristian Agnieszka                 ,Brænden                            ,N,N,N,J,N,KUNDER UNDER 18 ÅR                 ,N,N,N,N,N,N,N,N,N,N,N
4519,19100931063,P,00102,Tomine Magnus                      ,Kvalø                              ,N,N,N,J,N,KUNDER UNDER 18 ÅR                 ,N,N,N,N,N,N,N,N,N,N,N
4519,22090810565,P,00900,Yosef Beathe                       ,Monstad                            ,N,N,N,J,N,KUNDER UNDER 18 ÅR                 ,N,N,N,N,N,N,N,N,N,N,N
4519,26020907850,P,00102,Knut-Erik Leni                     ,Langeland                          ,N,N,N,J,N,KUNDER UNDER 18 ÅR                 ,N,N,N,N,N,N,N,N,N,N,N
4519,03080808290,P,00102,Dumitru Mariola                    ,Gjøen                              ,N,N,N,J,N,KUNDER UNDER 18 ÅR                 ,N,N,N,N,N,N,N,N,N,N,N
4519,18051035522,P,00900,Huda Agnar                         ,Rashid                             ,N,N,N,J,N,KUNDER UNDER 18 ÅR                 ,N,N,N,N,N,N,N,N,N,N,N
4519,15031403690,P,00800,Alexandre Annikken                 ,Stavem                             ,N,N,N,J,N,KUNDER UNDER 18 ÅR                 ,N,N,N,N,N,N,N,N,N,N,N
4519,17011200338,P,01200,Turi Syed                          ,Skomedal                           ,N,N,N,J,N,KUNDER UNDER 18 ÅR                 ,N,N,N,N,N,N,N,N,N,N,N
4519,14051229224,P,00800,Erland Tea                         ,Bækken                             ,N,N,N,J,N,KUNDER UNDER 18 ÅR                 ,N,N,N,N,N,N,N,N,N,N,N
4519,10021131992,P,00800,Bushra Ionut                       ,Vaa                                ,N,N,N,J,N,KUNDER UNDER 18 ÅR                 ,N,N,N,N,N,N,N,N,N,N,N
4519,17110780354,P,00102,Andrius Elna                       ,Ernstsen                           ,N,N,N,J,N,KUNDER UNDER 18 ÅR                 ,N,N,N,N,N,N,N,N,N,N,N
4519,29041157842,P,00800,Norun Søren                        ,Vevang                             ,N,N,N,J,N,KUNDER UNDER 18 ÅR                 ,N,N,N,N,N,N,N,N,N,N,N
4519,08081306975,P,01200,Werner Jannike                     ,Osmundsen                          ,N,N,N,J,N,KUNDER UNDER 18 ÅR                 ,N,N,N,N,N,N,N,N,N,N,N
4519,09121100514,P,00102,Daniela Gard                       ,Stendal                            ,N,N,N,J,N,KUNDER UNDER 18 ÅR                 ,N,N,N,N,N,N,N,N,N,N,N
4519,10041506097,P,00900,Edward Feven                       ,Ofstad                             ,N,N,N,J,N,KUNDER UNDER 18 ÅR                 ,N,N,N,N,N,N,N,N,N,N,N
4519,20020834928,P,00900,Knud Fiona                         ,Buvarp                             ,N,N,N,J,N,KUNDER UNDER 18 ÅR                 ,N,N,N,N,N,N,N,N,N,N,N
4519,22091424332,P,01200,Olivia Boye                        ,Torvund                            ,N,N,N,J,N,KUNDER UNDER 18 ÅR                 ,N,N,N,N,N,N,N,N,N,N,N
4519,16070860817,P,00102,Ingo Loreta                        ,Grønberg                           ,N,N,N,J,N,KUNDER UNDER 18 ÅR                 ,N,N,N,N,N,N,N,N,N,N,N
4519,13060816233,P,00102,Mika Siri                          ,Rui                                ,N,N,N,J,N,KUNDER UNDER 18 ÅR                 ,N,N,N,N,N,N,N,N,N,N,N
4519,21050610605,P,00102,Endre Mariya                       ,Smeland                            ,N,N,N,J,N,KUNDER UNDER 18 ÅR                 ,N,N,N,N,N,N,N,N,N,N,N
4519,03021523002,P,00800,Knut-Erik Martha                   ,Standal                            ,N,N,N,J,N,KUNDER UNDER 18 ÅR                 ,N,N,N,N,N,N,N,N,N,N,N
4519,28111436500,P,00900,Ute Orhan                          ,Fadnes                             ,N,N,N,J,N,KUNDER UNDER 18 ÅR                 ,N,N,N,N,N,N,N,N,N,N,N
4519,06010802901,P,01200,Nils Bertha                        ,Raja                               ,N,N,N,J,N,KUNDER UNDER 18 ÅR                 ,N,N,N,N,N,N,N,N,N,N,N
4519,29011005150,P,00102,Ane Pieter                         ,Moldskred                          ,N,N,N,J,N,KUNDER UNDER 18 ÅR                 ,N,N,N,N,N,N,N,N,N,N,N
4519,12061134644,P,00800,Knud Isa                           ,Schøyen                            ,N,N,N,J,N,KUNDER UNDER 18 ÅR                 ,N,N,N,N,N,N,N,N,N,N,N
4519,31101577727,P,01200,Tarjei Edle                        ,Weum                               ,N,N,N,J,N,KUNDER UNDER 18 ÅR                 ,N,N,N,N,N,N,N,N,N,N,N
4519,08031226172,P,00102,Audny Ole-Morten                   ,Kjos                               ,N,N,N,J,N,KUNDER UNDER 18 ÅR                 ,N,N,N,N,N,N,N,N,N,N,N
4519,18011404835,P,00102,Ole-Jacob Antonie                  ,Sunde                              ,N,N,N,J,N,KUNDER UNDER 18 ÅR                 ,N,N,N,N,N,N,N,N,N,N,N
4519,09100935357,P,00102,Stener Målfrid                     ,Nuur                               ,N,N,N,J,N,KUNDER UNDER 18 ÅR                 ,N,N,N,N,N,N,N,N,N,N,N
4519,19111001106,P,01200,Lajla Nicolae                      ,Høyer                              ,N,N,N,J,N,KUNDER UNDER 18 ÅR                 ,N,N,N,N,N,N,N,N,N,N,N
4519,20110876271,P,00102,Jens Jonna                         ,Hovda                              ,N,N,N,J,N,KUNDER UNDER 18 ÅR                 ,N,N,N,N,N,N,N,N,N,N,N
4519,08090812549,P,00800,Birte Sigve                        ,Rusten                             ,N,N,N,J,N,KUNDER UNDER 18 ÅR                 ,N,N,N,N,N,N,N,N,N,N,N
4519,03060922305,P,01200,Malena Maciej                      ,Engeland                           ,N,N,N,J,N,KUNDER UNDER 18 ÅR                 ,N,N,N,N,N,N,N,N,N,N,N
4519,28061400410,P,00102,Peggy Sasa                         ,Vevang                             ,N,N,N,J,N,KUNDER UNDER 18 ÅR                 ,N,N,N,N,N,N,N,N,N,N,N
4519,09081165227,P,00900,Bjarnhild Fabio                    ,Lillegård                          ,N,N,N,J,N,KUNDER UNDER 18 ÅR                 ,N,N,N,N,N,N,N,N,N,N,N
4519,13050926650,P,06008,Mattis Tori                        ,Hagberg                            ,N,N,N,J,N,KUNDER UNDER 18 ÅR                 ,N,N,N,N,N,N,N,N,N,N,N
4519,15071126347,P,01200,Yasmin Pieter                      ,Kjøde                              ,N,N,N,J,N,KUNDER UNDER 18 ÅR                 ,N,N,N,N,N,N,N,N,N,N,N
4519,29100723555,P,00102,Ilyas Emilie                       ,Bruland                            ,N,N,N,J,N,KUNDER UNDER 18 ÅR                 ,N,N,N,N,N,N,N,N,N,N,N
4519,22090824973,P,00102,Maryam Bjørge                      ,Nøkleby                            ,N,N,N,J,N,KUNDER UNDER 18 ÅR                 ,N,N,N,N,N,N,N,N,N,N,N
4519,15060636114,P,00102,Denis Thorunn                      ,Doan                               ,J,N,N,J,N,KUNDER UNDER 18 ÅR                 ,N,N,N,N,N,N,N,N,N,N,N
4519,21101102251,P,01200,Snezana Sivert                     ,Nowak                              ,N,N,N,J,N,KUNDER UNDER 18 ÅR                 ,N,N,N,N,N,N,N,N,N,N,N
4519,22071151321,P,00900,Karsten Anne-Kathrine              ,Norli                              ,N,N,N,J,N,KUNDER UNDER 18 ÅR                 ,N,N,N,N,N,N,N,N,N,N,N
4519,21051335098,P,00102,Birgitta Helmer                    ,Hjortland                          ,J,N,N,J,N,KUNDER UNDER 18 ÅR                 ,N,N,N,N,N,N,N,N,N,N,N
4519,15090852997,P,00800,Nadia Duy                          ,Iqbal                              ,N,N,N,J,N,KUNDER UNDER 18 ÅR                 ,N,N,N,N,N,N,N,N,N,N,N
4519,29041064585,P,00102,Selam Melvin                       ,Schøyen                            ,N,N,N,J,N,KUNDER UNDER 18 ÅR                 ,N,N,N,N,N,N,N,N,N,N,N
4519,07021030141,P,00900,Drude Sylwester                    ,Olaussen                           ,N,N,N,J,N,KUNDER UNDER 18 ÅR                 ,N,N,N,N,N,N,N,N,N,N,N
4519,01040742693,P,00102,Jutta Almar                        ,Wolff                              ,J,N,N,J,N,KUNDER UNDER 18 ÅR                 ,N,N,N,N,N,N,N,N,N,N,N
4519,14101175112,P,00800,Othelie Sivert                     ,Lockert                            ,N,N,N,J,N,KUNDER UNDER 18 ÅR                 ,N,N,N,N,N,N,N,N,N,N,N
4519,10031175017,P,00102,Catalina Mattis                    ,Gustad                             ,N,N,N,J,N,KUNDER UNDER 18 ÅR                 ,N,N,N,N,N,N,N,N,N,N,N
4519,27120709211,P,01200,Balder Larisa                      ,Osmundsen                          ,N,N,N,J,N,KUNDER UNDER 18 ÅR                 ,N,N,N,N,N,N,N,N,N,N,N
4519,26080856090,P,01200,Juliane Egon                       ,Sundgot                            ,N,N,N,J,N,KUNDER UNDER 18 ÅR                 ,N,N,N,N,N,N,N,N,N,N,N
4519,07101337221,P,00800,Youssef Annichen                   ,Standal                            ,N,N,N,J,N,KUNDER UNDER 18 ÅR                 ,N,N,N,N,N,N,N,N,N,N,N
4519,25080827280,P,00102,Raimondas Juliet                   ,Klokk                              ,N,N,N,J,N,KUNDER UNDER 18 ÅR                 ,N,N,N,N,N,N,N,N,N,N,N
4519,09090912256,P,01200,Kamil Juliane                      ,Brovold                            ,N,N,N,J,N,KUNDER UNDER 18 ÅR                 ,N,N,N,N,N,N,N,N,N,N,N
4519,17080623224,P,00102,Lucas Elisabeth                    ,Nyhus                              ,N,N,N,J,N,KUNDER UNDER 18 ÅR                 ,N,N,N,N,N,N,N,N,N,N,N
4519,23040852263,P,00102,Mehran Donna                       ,Hval                               ,N,N,N,J,N,KUNDER UNDER 18 ÅR                 ,N,N,N,N,N,N,N,N,N,N,N
4519,30100903772,P,00105,Juliana Melvin                     ,Mohammadi                          ,N,N,N,J,N,KUNDER UNDER 18 ÅR                 ,N,N,N,N,N,N,N,N,N,N,N
4519,01100910957,P,01200,Ahmed Martha                       ,Aukland                            ,N,N,N,J,N,KUNDER UNDER 18 ÅR                 ,N,N,N,N,N,N,N,N,N,N,N
4519,28021723829,P,00102,Odd-Erik Yordanos                  ,Barth                              ,J,N,N,J,N,KUNDER UNDER 18 ÅR                 ,N,N,N,N,N,N,N,N,N,N,N
4519,07021504836,P,01200,Inghild Agnar                      ,Bruvik                             ,N,N,N,J,N,KUNDER UNDER 18 ÅR                 ,N,N,N,N,N,N,N,N,N,N,N
4519,13031427821,P,01200,Emma Torgny                        ,Reiten                             ,N,N,N,J,N,KUNDER UNDER 18 ÅR                 ,N,N,N,N,N,N,N,N,N,N,N
4519,01040626154,P,00900,Luz Haakon                         ,Eidet                              ,N,N,N,J,N,KUNDER UNDER 18 ÅR                 ,N,N,N,N,N,N,N,N,N,N,N
4519,09011314098,P,00102,Elly Mahdi                         ,Torheim                            ,N,N,N,J,N,KUNDER UNDER 18 ÅR                 ,N,N,N,N,N,N,N,N,N,N,N
4519,20121322189,P,00800,Benita Gheorghe                    ,Skauen                             ,N,N,N,J,N,KUNDER UNDER 18 ÅR                 ,N,N,N,N,N,N,N,N,N,N,N
4519,05060626938,P,00102,Silke Øyvind                       ,Moradi                             ,N,N,N,J,N,KUNDER UNDER 18 ÅR                 ,N,N,N,N,N,N,N,N,N,N,N
4519,05020730929,P,00900,Gina Hans                          ,Anwar                              ,N,N,N,J,N,KUNDER UNDER 18 ÅR                 ,N,N,N,N,N,N,N,N,N,N,N
4519,10070910123,P,00102,Katrine Kris                       ,Sagen                              ,N,N,N,J,N,KUNDER UNDER 18 ÅR                 ,N,N,N,N,N,N,N,N,N,N,N
4519,20040919113,P,01200,Mille Eduard                       ,Hellesø                            ,N,N,N,J,N,KUNDER UNDER 18 ÅR                 ,N,N,N,N,N,N,N,N,N,N,N
4519,20061002112,P,01200,Ranveig Babak                      ,Fretheim                           ,N,N,N,J,N,KUNDER UNDER 18 ÅR                 ,N,N,N,N,N,N,N,N,N,N,N
4519,03070656271,P,00800,Maud Willy                         ,Thorgersen                         ,N,N,N,J,N,KUNDER UNDER 18 ÅR                 ,N,N,N,N,N,N,N,N,N,N,N
4519,20031209596,P,00800,Tordis Helmut                      ,Haaland                            ,N,N,N,J,N,KUNDER UNDER 18 ÅR                 ,N,N,N,N,N,N,N,N,N,N,N
4519,19060602827,P,00102,Ellie Yaser                        ,Hilstad                            ,N,N,N,J,N,KUNDER UNDER 18 ÅR                 ,N,N,N,N,N,N,N,N,N,N,N
4519,04061605784,P,00102,Iselinn Thormod                    ,Aure                               ,N,N,N,J,N,KUNDER UNDER 18 ÅR                 ,N,N,N,N,N,N,N,N,N,N,N
4519,05110962322,P,01200,Shahzad Sana                       ,Nervik                             ,N,N,N,J,N,KUNDER UNDER 18 ÅR                 ,N,N,N,N,N,N,N,N,N,N,N
4519,16071368975,P,00900,Manuela Romas                      ,Evjen                              ,N,N,N,J,N,KUNDER UNDER 18 ÅR                 ,N,N,N,N,N,N,N,N,N,N,N
4519,25050734105,P,00102,Vita Ricardo                       ,Hansen                             ,N,N,N,J,N,KUNDER UNDER 18 ÅR                 ,N,N,N,N,N,N,N,N,N,N,N
4519,07080706124,P,01200,Kaya Yosef                         ,Svensson                           ,N,N,N,J,N,KUNDER UNDER 18 ÅR                 ,N,N,N,N,N,N,N,N,N,N,N
4519,08091513065,P,00900,Laura Johnny                       ,Rolfsen                            ,N,N,N,J,N,KUNDER UNDER 18 ÅR                 ,N,N,N,N,N,N,N,N,N,N,N
4519,03101421200,P,00800,Aashild Krzysztof                  ,Sakshaug                           ,N,N,N,J,N,KUNDER UNDER 18 ÅR                 ,N,N,N,N,N,N,N,N,N,N,N
4519,16061675934,P,00102,Geir Aila                          ,Alsos                              ,N,N,N,J,N,KUNDER UNDER 18 ÅR                 ,N,N,N,N,N,N,N,N,N,N,N
4519,23021007994,P,06008,Oliwia Aslak                       ,Kjølberg                           ,N,N,N,J,N,KUNDER UNDER 18 ÅR                 ,N,N,N,N,N,N,N,N,N,N,N
4519,29060932415,P,00900,Boye Ingvil                        ,Rikardsen                          ,N,N,N,J,N,KUNDER UNDER 18 ÅR                 ,N,N,N,N,N,N,N,N,N,N,N
4519,08070923093,P,00102,Birgitta Helmer                    ,Engan                              ,N,N,N,J,N,KUNDER UNDER 18 ÅR                 ,N,N,N,N,N,N,N,N,N,N,N
4519,01020826963,P,00102,Dorthe Asbjørn                     ,Norland                            ,N,N,N,J,N,KUNDER UNDER 18 ÅR                 ,N,N,N,N,N,N,N,N,N,N,N
4519,28010719285,P,00900,Kolbjørn Ester                     ,Kvande                             ,N,N,N,J,N,KUNDER UNDER 18 ÅR                 ,N,N,N,N,N,N,N,N,N,N,N
4519,16021171534,P,00900,Aina Nabil                         ,Fure                               ,N,N,N,J,N,KUNDER UNDER 18 ÅR                 ,N,N,N,N,N,N,N,N,N,N,N
4519,09051113303,P,00800,Jardar Izabela                     ,Toresen                            ,N,N,N,J,N,KUNDER UNDER 18 ÅR                 ,N,N,N,N,N,N,N,N,N,N,N
4519,18020804528,P,01200,Aslak Saba                         ,Petterson                          ,N,N,N,J,N,KUNDER UNDER 18 ÅR                 ,N,N,N,N,N,N,N,N,N,N,N
4519,28100614679,P,00102,Johan Mary-Ann                     ,Lynum                              ,N,N,N,J,N,KUNDER UNDER 18 ÅR                 ,N,N,N,N,N,N,N,N,N,N,N
4519,30121416715,P,00102,Linn-Kristin Dmitri                ,Fagerheim                          ,J,N,N,J,N,KUNDER UNDER 18 ÅR                 ,N,N,N,N,N,N,N,N,N,N,N
4519,06020702638,P,01200,Lorna Mika                         ,Storsve                            ,N,N,N,J,N,KUNDER UNDER 18 ÅR                 ,N,N,N,N,N,N,N,N,N,N,N
4519,19071410008,P,00102,Kathinka Thorvald                  ,Bru                                ,N,N,N,J,N,KUNDER UNDER 18 ÅR                 ,N,N,N,N,N,N,N,N,N,N,N
4519,12091431953,P,01200,Adnan Grazyna                      ,Randen                             ,N,N,N,J,N,KUNDER UNDER 18 ÅR                 ,N,N,N,N,N,N,N,N,N,N,N
4519,07081223984,P,01200,Milica Rudi                        ,Schøyen                            ,N,N,N,J,N,KUNDER UNDER 18 ÅR                 ,N,N,N,N,N,N,N,N,N,N,N
4519,30070761617,P,00102,Ingegjerd Babak                    ,Andreassen                         ,N,N,N,J,N,KUNDER UNDER 18 ÅR                 ,N,N,N,N,N,N,N,N,N,N,N
4519,26021019975,P,00900,Zlatko Ilze                        ,Vevang                             ,N,N,N,J,N,KUNDER UNDER 18 ÅR                 ,N,N,N,N,N,N,N,N,N,N,N
4519,22010819877,P,01200,Tuyet Mirza                        ,Nerland                            ,N,N,N,J,N,KUNDER UNDER 18 ÅR                 ,N,N,N,N,N,N,N,N,N,N,N
4519,01071467631,P,00900,Galina Marcos                      ,Haaland                            ,N,N,N,J,N,KUNDER UNDER 18 ÅR                 ,N,N,N,N,N,N,N,N,N,N,N
4519,01010722507,P,00800,Lill-Tove Duy                      ,Kleiven                            ,N,N,N,J,N,KUNDER UNDER 18 ÅR                 ,N,N,N,N,N,N,N,N,N,N,N
4519,15061113670,P,01200,Mary-Ann Odd-Arne                  ,Vo                                 ,N,N,N,J,N,KUNDER UNDER 18 ÅR                 ,N,N,N,N,N,N,N,N,N,N,N
4519,04071628251,P,00102,Tone Marius                        ,Wetteland                          ,N,N,N,J,N,KUNDER UNDER 18 ÅR                 ,N,N,N,N,N,N,N,N,N,N,N
4519,15080755276,P,00900,Nicoleta Pawel                     ,Vika                               ,N,N,N,J,N,KUNDER UNDER 18 ÅR                 ,N,N,N,N,N,N,N,N,N,N,N
4519,28050917861,P,00800,Hallgeir Faiza                     ,Nuur                               ,N,N,N,J,N,KUNDER UNDER 18 ÅR                 ,N,N,N,N,N,N,N,N,N,N,N
4519,12111124599,P,01200,Benn Jocelyn                       ,Neset                              ,N,N,N,J,N,KUNDER UNDER 18 ÅR                 ,N,N,N,N,N,N,N,N,N,N,N
4519,25051523183,P,00800,Petras Ute                         ,Dalby                              ,N,N,N,J,N,KUNDER UNDER 18 ÅR                 ,N,N,N,N,N,N,N,N,N,N,N
4519,24071724707,P,00102,Benny Sari                         ,Ørbeck                             ,J,N,N,J,N,KUNDER UNDER 18 ÅR                 ,N,N,N,N,N,N,N,N,N,N,N
4519,30011134153,P,01200,Hroar Maj-Britt                    ,Bråten                             ,N,N,N,J,N,KUNDER UNDER 18 ÅR                 ,N,N,N,N,N,N,N,N,N,N,N
4519,11121617376,P,00800,Magomed Erle                       ,Grini                              ,N,N,N,J,N,KUNDER UNDER 18 ÅR                 ,N,N,N,N,N,N,N,N,N,N,N
4519,27011111063,P,00900,Jytte Torbjørn                     ,Johannesen                         ,N,N,N,J,N,KUNDER UNDER 18 ÅR                 ,N,N,N,N,N,N,N,N,N,N,N
4519,26050825662,P,01200,Sigri Kenny                        ,Klein                              ,N,N,N,J,N,KUNDER UNDER 18 ÅR                 ,N,N,N,N,N,N,N,N,N,N,N
4519,22041507768,P,00102,Torstein Lisa-Mari                 ,Omer                               ,N,N,N,J,N,KUNDER UNDER 18 ÅR                 ,N,N,N,N,N,N,N,N,N,N,N
4519,31101001760,P,00800,Malena Maciej                      ,Fagerheim                          ,N,N,N,J,N,KUNDER UNDER 18 ÅR                 ,N,N,N,N,N,N,N,N,N,N,N
4519,31120876786,P,00900,Shirley Jari                       ,Bjørgum                            ,N,N,N,J,N,KUNDER UNDER 18 ÅR                 ,N,N,N,N,N,N,N,N,N,N,N
4519,06111118432,P,00102,Søren Unni                         ,Knarvik                            ,N,N,N,J,N,KUNDER UNDER 18 ÅR                 ,N,N,N,N,N,N,N,N,N,N,N
4519,12021210658,P,01200,Torun Trond                        ,Reiten                             ,N,N,N,J,N,KUNDER UNDER 18 ÅR                 ,N,N,N,N,N,N,N,N,N,N,N
4519,24050621207,P,01200,Monja Willy                        ,Waaler                             ,N,N,N,J,N,KUNDER UNDER 18 ÅR                 ,N,N,N,N,N,N,N,N,N,N,N
4519,11011505262,P,00900,Elisa Mieczyslaw                   ,Høglund                            ,N,N,N,J,N,KUNDER UNDER 18 ÅR                 ,N,N,N,N,N,N,N,N,N,N,N
4519,14101012159,P,00900,Jens Janna                         ,Moltu                              ,N,N,N,J,N,KUNDER UNDER 18 ÅR                 ,N,N,N,N,N,N,N,N,N,N,N
4519,17081512213,P,01200,Margrethe Magnus                   ,Vevang                             ,N,N,N,J,N,KUNDER UNDER 18 ÅR                 ,N,N,N,N,N,N,N,N,N,N,N
4519,19040630905,P,01200,Oddfrid Aleksandrs                 ,Grinde                             ,N,N,N,J,N,KUNDER UNDER 18 ÅR                 ,N,N,N,N,N,N,N,N,N,N,N
4519,16061475730,P,00800,Berit Ivar                         ,Nordstrøm                          ,N,N,N,J,N,KUNDER UNDER 18 ÅR                 ,N,N,N,N,N,N,N,N,N,N,N
4519,17081118191,P,00800,Kai Sienna                         ,Hay                                ,N,N,N,J,N,KUNDER UNDER 18 ÅR                 ,N,N,N,N,N,N,N,N,N,N,N
4519,19021331875,P,01200,Karwan Eleni                       ,Zielinski                          ,N,N,N,J,N,KUNDER UNDER 18 ÅR                 ,N,N,N,N,N,N,N,N,N,N,N
4519,24050723824,P,00102,Marion Sturle                      ,Osmundsen                          ,N,N,N,J,N,KUNDER UNDER 18 ÅR                 ,N,N,N,N,N,N,N,N,N,N,N
4519,08100628792,P,00900,Edgars Jolanta                     ,Vevang                             ,N,N,N,J,N,KUNDER UNDER 18 ÅR                 ,N,N,N,N,N,N,N,N,N,N,N
4519,21110976736,P,00900,Werner Anne                        ,Moldskred                          ,N,N,N,J,N,KUNDER UNDER 18 ÅR                 ,N,N,N,N,N,N,N,N,N,N,N
4519,09100736028,P,00102,Eivin Ildri                        ,Kvaale                             ,N,N,N,J,N,KUNDER UNDER 18 ÅR                 ,N,N,N,N,N,N,N,N,N,N,N
4519,23111500797,P,00800,Jorge Gunnveig                     ,Skauen                             ,N,N,N,J,N,KUNDER UNDER 18 ÅR                 ,N,N,N,N,N,N,N,N,N,N,N
4519,23071202747,P,00102,Morteza Raimonda                   ,Brænden                            ,J,N,N,J,N,KUNDER UNDER 18 ÅR                 ,N,N,N,N,N,N,N,N,N,N,N
4519,05070976066,P,00800,Bella Stein-Erik                   ,Vevang                             ,N,N,N,J,N,KUNDER UNDER 18 ÅR                 ,N,N,N,N,N,N,N,N,N,N,N
4519,18111233531,P,00800,Maricel Carsten                    ,Nyheim                             ,N,N,N,J,N,KUNDER UNDER 18 ÅR                 ,N,N,N,N,N,N,N,N,N,N,N
4519,28090812590,P,01200,Raimondas Gudlaug                  ,Lindqvist                          ,N,N,N,J,N,KUNDER UNDER 18 ÅR                 ,N,N,N,N,N,N,N,N,N,N,N
4519,05021202713,P,00102,Raimondas Lajla                    ,Nawaz                              ,N,N,N,J,N,KUNDER UNDER 18 ÅR                 ,N,N,N,N,N,N,N,N,N,N,N
4519,05121126283,P,00800,Herbjørg Frederik                  ,Opsal                              ,N,N,N,J,N,KUNDER UNDER 18 ÅR                 ,N,N,N,N,N,N,N,N,N,N,N
4519,02041208042,P,00102,Vibecke Steingrim                  ,Nordeng                            ,N,N,N,J,N,KUNDER UNDER 18 ÅR                 ,N,N,N,N,N,N,N,N,N,N,N
4519,22050927990,P,00800,Lene Kato                          ,Rikardsen                          ,N,N,N,J,N,KUNDER UNDER 18 ÅR                 ,N,N,N,N,N,N,N,N,N,N,N
4519,27121316949,P,00102,Benthe Frederik                    ,Justad                             ,N,N,N,J,N,KUNDER UNDER 18 ÅR                 ,N,N,N,N,N,N,N,N,N,N,N
4519,22071160843,P,00900,Nathalie Ingvard                   ,Reite                              ,N,N,N,J,N,KUNDER UNDER 18 ÅR                 ,N,N,N,N,N,N,N,N,N,N,N
4519,26020810571,P,01200,Berge Maryam                       ,Osmundsen                          ,N,N,N,J,N,KUNDER UNDER 18 ÅR                 ,N,N,N,N,N,N,N,N,N,N,N
4519,03030666355,P,00800,Jovita Halstein                    ,Stenersen                          ,N,N,N,J,N,KUNDER UNDER 18 ÅR                 ,N,N,N,N,N,N,N,N,N,N,N
4519,25060859542,P,00900,Ib Annelise                        ,Tonstad                            ,N,N,N,J,N,KUNDER UNDER 18 ÅR                 ,N,N,N,N,N,N,N,N,N,N,N
4519,25110930375,P,00800,Aslak Viktoria                     ,Schøyen                            ,N,N,N,J,N,KUNDER UNDER 18 ÅR                 ,N,N,N,N,N,N,N,N,N,N,N
4519,21010967004,P,01200,Karsten Shahnaz                    ,Sakariassen                        ,N,N,N,J,N,KUNDER UNDER 18 ÅR                 ,N,N,N,N,N,N,N,N,N,N,N
4519,26040920020,P,00102,Irena Alv                          ,Iversen                            ,N,N,N,J,N,KUNDER UNDER 18 ÅR                 ,N,N,N,N,N,N,N,N,N,N,N
4519,03111794854,P,01200,Huong Istvan                       ,Rønningen                          ,N,N,N,J,N,KUNDER UNDER 18 ÅR                 ,N,N,N,N,N,N,N,N,N,N,N
4519,13030810826,P,01200,Asif Anne-Merete                   ,Stensby                            ,N,N,N,J,N,KUNDER UNDER 18 ÅR                 ,N,N,N,N,N,N,N,N,N,N,N
4519,29101213526,P,01200,Janette Eigil                      ,Varhaug                            ,N,N,N,J,N,KUNDER UNDER 18 ÅR                 ,N,N,N,N,N,N,N,N,N,N,N
4519,21090832562,P,00102,Rimantas Kathleen                  ,Osmundsen                          ,N,N,N,J,N,KUNDER UNDER 18 ÅR                 ,N,N,N,N,N,N,N,N,N,N,N
4519,21050610281,P,00102,Gunni Janne                        ,Saleem                             ,N,N,N,J,N,KUNDER UNDER 18 ÅR                 ,N,N,N,N,N,N,N,N,N,N,N
4519,15080922768,P,00102,Alvilde Johnny                     ,Fardal                             ,N,N,N,J,N,KUNDER UNDER 18 ÅR                 ,N,N,N,N,N,N,N,N,N,N,N
4519,09021304791,P,01200,Kristofer Grazyna                  ,Stornes                            ,N,N,N,J,N,KUNDER UNDER 18 ÅR                 ,N,N,N,N,N,N,N,N,N,N,N
4519,10080636119,P,00102,Iwona Magnus                       ,Almli                              ,N,N,N,J,N,KUNDER UNDER 18 ÅR                 ,N,N,N,N,N,N,N,N,N,N,N
4519,14020665824,P,00102,Wibeche Matias                     ,Sandvær                            ,N,N,N,J,N,KUNDER UNDER 18 ÅR                 ,N,N,N,N,N,N,N,N,N,N,N
4519,18011230284,P,00102,Asif Linh                          ,Sunde                              ,N,N,N,J,N,KUNDER UNDER 18 ÅR                 ,N,N,N,N,N,N,N,N,N,N,N
4519,03051129112,P,01200,Thorsten Hedvig                    ,Dybvik                             ,N,N,N,J,N,KUNDER UNDER 18 ÅR                 ,N,N,N,N,N,N,N,N,N,N,N
4519,28051325593,P,01200,Kitty Boye                         ,Skålevik                           ,N,N,N,J,N,KUNDER UNDER 18 ÅR                 ,N,N,N,N,N,N,N,N,N,N,N
4519,21021140667,P,00102,Jorge Eva                          ,Heiberg                            ,N,N,N,J,N,KUNDER UNDER 18 ÅR                 ,N,N,N,N,N,N,N,N,N,N,N
4519,25040716958,P,00102,Ingve Irmelin                      ,Malmin                             ,N,N,N,J,N,KUNDER UNDER 18 ÅR                 ,N,N,N,N,N,N,N,N,N,N,N
4519,17060677956,P,00102,Mateusz Jorid                      ,Homme                              ,N,N,N,J,N,KUNDER UNDER 18 ÅR                 ,N,N,N,N,N,N,N,N,N,N,N
4519,27101030232,P,00102,Laima Kris                         ,Tesfay                             ,N,N,N,J,N,KUNDER UNDER 18 ÅR                 ,N,N,N,N,N,N,N,N,N,N,N
4519,09050828422,P,01200,Lotte Dean                         ,Skålevik                           ,N,N,N,J,N,KUNDER UNDER 18 ÅR                 ,N,N,N,N,N,N,N,N,N,N,N
4519,01061408610,P,00102,Erland Liz                         ,Lorentsen                          ,N,N,N,J,N,KUNDER UNDER 18 ÅR                 ,N,N,N,N,N,N,N,N,N,N,N
4519,22050825020,P,00800,Youssef Gunlaug                    ,Leiknes                            ,N,N,N,J,N,KUNDER UNDER 18 ÅR                 ,N,N,N,N,N,N,N,N,N,N,N
4519,20031016550,P,00102,Eduardo Angelina                   ,Osmundsen                          ,N,N,N,J,N,KUNDER UNDER 18 ÅR                 ,N,N,N,N,N,N,N,N,N,N,N
4519,03061208142,P,00800,Gine Oddmund                       ,Kvalsund                           ,N,N,N,J,N,KUNDER UNDER 18 ÅR                 ,N,N,N,N,N,N,N,N,N,N,N
4519,14051006381,P,01200,Birte Sigve                        ,Markhus                            ,N,N,N,J,N,KUNDER UNDER 18 ÅR                 ,N,N,N,N,N,N,N,N,N,N,N
4519,16111507469,P,00102,Jafar Annfrid                      ,Slåtten                            ,N,N,N,J,N,KUNDER UNDER 18 ÅR                 ,N,N,N,N,N,N,N,N,N,N,N
4519,27070600051,P,00800,Borgny Duy                         ,Aarsland                           ,N,N,N,J,N,KUNDER UNDER 18 ÅR                 ,N,N,N,N,N,N,N,N,N,N,N
4519,27050854987,P,00102,Kaisa Mieczyslaw                   ,Teigen                             ,N,N,N,J,N,KUNDER UNDER 18 ÅR                 ,N,N,N,N,N,N,N,N,N,N,N
4519,18110900828,P,00900,Johan Iren                         ,Lockert                            ,N,N,N,J,N,KUNDER UNDER 18 ÅR                 ,N,N,N,N,N,N,N,N,N,N,N
4519,16060918868,P,00102,Zara Sindre                        ,Nymark                             ,N,N,N,J,N,KUNDER UNDER 18 ÅR                 ,N,N,N,N,N,N,N,N,N,N,N
4519,04101527102,P,00900,Ståle Wencke                       ,Sulen                              ,N,N,N,J,N,KUNDER UNDER 18 ÅR                 ,N,N,N,N,N,N,N,N,N,N,N
4519,25060713033,P,01200,Alva Thorolf                       ,Svardal                            ,N,N,N,J,N,KUNDER UNDER 18 ÅR                 ,N,N,N,N,N,N,N,N,N,N,N
4519,07071100124,P,00900,Denis Catrin                       ,Smeland                            ,N,N,N,J,N,KUNDER UNDER 18 ÅR                 ,N,N,N,N,N,N,N,N,N,N,N
4519,25110841100,P,00102,Szymon Ethel                       ,Lyshaug                            ,N,N,N,J,N,KUNDER UNDER 18 ÅR                 ,N,N,N,N,N,N,N,N,N,N,N
4519,10051316946,P,00102,Tarjei Ursula                      ,Sumstad                            ,N,N,N,J,N,KUNDER UNDER 18 ÅR                 ,N,N,N,N,N,N,N,N,N,N,N
4519,14111114332,P,00102,Valdemar Elaine                    ,Ringstad                           ,N,N,N,J,N,KUNDER UNDER 18 ÅR                 ,N,N,N,N,N,N,N,N,N,N,N
4519,04090870306,P,00900,Youssef Sollaug                    ,Evanger                            ,N,N,N,J,N,KUNDER UNDER 18 ÅR                 ,N,N,N,N,N,N,N,N,N,N,N
4519,29011323985,P,00102,Hussain Olivia                     ,Bjørnsen                           ,N,N,N,J,N,KUNDER UNDER 18 ÅR                 ,N,N,N,N,N,N,N,N,N,N,N
4519,04071001828,P,01200,Katarina Magnus                    ,Oppegaard                          ,N,N,N,J,N,KUNDER UNDER 18 ÅR                 ,N,N,N,N,N,N,N,N,N,N,N
4519,25031527700,P,00102,Ann-Lisbeth Sasa                   ,Svendsen                           ,N,N,N,J,N,KUNDER UNDER 18 ÅR                 ,N,N,N,N,N,N,N,N,N,N,N
4519,15050735351,P,00900,Geir Isa                           ,Haaland                            ,N,N,N,J,N,KUNDER UNDER 18 ÅR                 ,N,N,N,N,N,N,N,N,N,N,N
4519,02020733716,P,00102,Frithjof Kristina                  ,Haga                               ,N,N,N,J,N,KUNDER UNDER 18 ÅR                 ,N,N,N,N,N,N,N,N,N,N,N
4519,02071406124,P,00102,Milly Sturla                       ,Elnes                              ,N,N,N,J,N,KUNDER UNDER 18 ÅR                 ,N,N,N,N,N,N,N,N,N,N,N
4519,25061121946,P,00102,Grazyna Roald                      ,Kleiv                              ,N,N,N,J,N,KUNDER UNDER 18 ÅR                 ,N,N,N,N,N,N,N,N,N,N,N
4519,17010632978,P,00102,Johan Jofrid                       ,Leidland                           ,N,N,N,J,N,KUNDER UNDER 18 ÅR                 ,N,N,N,N,N,N,N,N,N,N,N
4519,09121028481,P,00800,Marita Ulrik                       ,Welle                              ,N,N,N,J,N,KUNDER UNDER 18 ÅR                 ,N,N,N,N,N,N,N,N,N,N,N
4519,04011315149,P,00900,Maya Kian                          ,Voll                               ,N,N,N,J,N,KUNDER UNDER 18 ÅR                 ,N,N,N,N,N,N,N,N,N,N,N
4519,01041558160,P,00102,Nataliya Billy                     ,Salamonsen                         ,N,N,N,J,N,KUNDER UNDER 18 ÅR                 ,N,N,N,N,N,N,N,N,N,N,N
4519,09111135832,P,00102,Arnulf Lucy                        ,Drevland                           ,N,N,N,J,N,KUNDER UNDER 18 ÅR                 ,N,N,N,N,N,N,N,N,N,N,N
4519,21040703559,P,00102,Mariola Hai                        ,Ekeland                            ,N,N,N,J,N,KUNDER UNDER 18 ÅR                 ,N,N,N,N,N,N,N,N,N,N,N
4519,27040875706,P,00102,Jonna Ramin                        ,Kvammen                            ,N,N,N,J,N,KUNDER UNDER 18 ÅR                 ,N,N,N,N,N,N,N,N,N,N,N
4519,22051275229,P,00900,Balder Gøril                       ,Fadnes                             ,N,N,N,J,N,KUNDER UNDER 18 ÅR                 ,N,N,N,N,N,N,N,N,N,N,N
4519,23021401854,P,00900,Justas Jana                        ,Mjønes                             ,N,N,N,J,N,KUNDER UNDER 18 ÅR                 ,N,N,N,N,N,N,N,N,N,N,N
4519,29080834576,P,00900,Karna Edward                       ,Bakken                             ,N,N,N,J,N,KUNDER UNDER 18 ÅR                 ,N,N,N,N,N,N,N,N,N,N,N
4519,01080620272,P,01200,Francesco Maija                    ,Heggset                            ,N,N,N,J,N,KUNDER UNDER 18 ÅR                 ,N,N,N,N,N,N,N,N,N,N,N
4519,16020719145,P,00900,Dorte Kemal                        ,Jahnsen                            ,N,N,N,J,N,KUNDER UNDER 18 ÅR                 ,N,N,N,N,N,N,N,N,N,N,N
4519,06030969896,P,00800,Caroline Fernando                  ,Nygaard                            ,N,N,N,J,N,KUNDER UNDER 18 ÅR                 ,N,N,N,N,N,N,N,N,N,N,N
4519,10121308458,P,00102,Olle Margareta                     ,Estensen                           ,N,N,N,J,N,KUNDER UNDER 18 ÅR                 ,N,N,N,N,N,N,N,N,N,N,N
4519,12091577958,P,00102,Kolbjørn Kersti                    ,Søberg                             ,N,N,N,J,N,KUNDER UNDER 18 ÅR                 ,N,N,N,N,N,N,N,N,N,N,N
4519,10111400526,P,01200,Pablo Julie                        ,Fardal                             ,J,N,N,J,N,KUNDER UNDER 18 ÅR                 ,N,N,N,N,N,N,N,N,N,N,N
4519,30060932626,P,00102,Antonie Christen                   ,Leknes                             ,N,N,N,J,N,KUNDER UNDER 18 ÅR                 ,N,N,N,N,N,N,N,N,N,N,N
4519,03111116929,P,00800,Fariba Laimonas                    ,Fagerheim                          ,N,N,N,J,N,KUNDER UNDER 18 ÅR                 ,N,N,N,N,N,N,N,N,N,N,N
4519,18091434691,P,00900,Thorild Skule                      ,Dahlstrøm                          ,N,N,N,J,N,KUNDER UNDER 18 ÅR                 ,N,N,N,N,N,N,N,N,N,N,N
4519,26050722847,P,01200,Jannecke Thormod                   ,Horvei                             ,N,N,N,J,N,KUNDER UNDER 18 ÅR                 ,N,N,N,N,N,N,N,N,N,N,N
4519,25090813962,P,00102,Kristianne Thom                    ,Johnsen                            ,N,N,N,J,N,KUNDER UNDER 18 ÅR                 ,N,N,N,N,N,N,N,N,N,N,N
4519,03060902703,P,00102,Rigmor Abdulahi                    ,Hatlevik                           ,N,N,N,J,N,KUNDER UNDER 18 ÅR                 ,N,N,N,N,N,N,N,N,N,N,N
4519,20050904416,P,00800,Tadeusz Ylva                       ,Hallan                             ,N,N,N,J,N,KUNDER UNDER 18 ÅR                 ,N,N,N,N,N,N,N,N,N,N,N
4519,21111037458,P,01200,Tor-Inge Marte                     ,Lundgård                           ,N,N,N,J,N,KUNDER UNDER 18 ÅR                 ,N,N,N,N,N,N,N,N,N,N,N
4519,25120726040,P,00900,Martin Grazyna                     ,Halsen                             ,N,N,N,J,N,KUNDER UNDER 18 ÅR                 ,N,N,N,N,N,N,N,N,N,N,N
4519,07061001845,P,01200,Margit Muhamed                     ,Vevang                             ,N,N,N,J,N,KUNDER UNDER 18 ÅR                 ,N,N,N,N,N,N,N,N,N,N,N
4519,20080912014,P,00102,Gabriella Istvan                   ,Moldskred                          ,N,N,N,J,N,KUNDER UNDER 18 ÅR                 ,N,N,N,N,N,N,N,N,N,N,N
4519,22090706180,P,00800,Normann Marta                      ,Ekeli                              ,N,N,N,J,N,KUNDER UNDER 18 ÅR                 ,N,N,N,N,N,N,N,N,N,N,N
4519,04041600727,P,00102,Sidsel Pawel                       ,Grøndal                            ,N,N,N,J,N,KUNDER UNDER 18 ÅR                 ,N,N,N,N,N,N,N,N,N,N,N
4519,24030600408,P,00102,Brian Ethel                        ,Dragland                           ,N,N,N,J,N,KUNDER UNDER 18 ÅR                 ,N,N,N,N,N,N,N,N,N,N,N
4519,23120644076,P,00900,Justinas Lotta                     ,Knudsen                            ,N,N,N,J,N,KUNDER UNDER 18 ÅR                 ,N,N,N,N,N,N,N,N,N,N,N
4519,29060612356,P,00102,Siri Agnar                         ,Trana                              ,N,N,N,J,N,KUNDER UNDER 18 ÅR                 ,N,N,N,N,N,N,N,N,N,N,N
4519,16031300219,P,00800,Enid Stig                          ,Aaland                             ,N,N,N,J,N,KUNDER UNDER 18 ÅR                 ,N,N,N,N,N,N,N,N,N,N,N
4519,06020962141,P,00102,Christen Karine                    ,Ljosland                           ,N,N,N,J,N,KUNDER UNDER 18 ÅR                 ,N,N,N,N,N,N,N,N,N,N,N
4519,06031505338,P,00900,Ravn Ieva                          ,Drabløs                            ,N,N,N,J,N,KUNDER UNDER 18 ÅR                 ,N,N,N,N,N,N,N,N,N,N,N
4519,10060855655,P,00102,Oskar Lajla                        ,Hynne                              ,N,N,N,J,N,KUNDER UNDER 18 ÅR                 ,N,N,N,N,N,N,N,N,N,N,N
4519,27010735098,P,00900,Stein Mildrid                      ,Butt                               ,N,N,N,J,N,KUNDER UNDER 18 ÅR                 ,N,N,N,N,N,N,N,N,N,N,N
4519,25011026780,P,00102,Zainab Bastian                     ,Bergli                             ,N,N,N,J,N,KUNDER UNDER 18 ÅR                 ,N,N,N,N,N,N,N,N,N,N,N
4519,13100741908,P,01200,Sead Debora                        ,Reitan                             ,N,N,N,J,N,KUNDER UNDER 18 ÅR                 ,N,N,N,N,N,N,N,N,N,N,N
4519,19050777793,P,01200,Rosemarie Syed                     ,Rohde                              ,N,N,N,J,N,KUNDER UNDER 18 ÅR                 ,N,N,N,N,N,N,N,N,N,N,N
4519,12120908756,P,00800,Tommy Aashild                      ,Walstad                            ,N,N,N,J,N,KUNDER UNDER 18 ÅR                 ,N,N,N,N,N,N,N,N,N,N,N
4519,23041213442,P,00800,Eva Bastian                        ,Slåtten                            ,N,N,N,J,N,KUNDER UNDER 18 ÅR                 ,N,N,N,N,N,N,N,N,N,N,N
4519,16061334703,P,01200,Lill-Tove Thorleif                 ,Lauvrak                            ,N,N,N,J,N,KUNDER UNDER 18 ÅR                 ,N,N,N,N,N,N,N,N,N,N,N
4519,18050716399,P,01200,Hildegard Folke                    ,Miljeteig                          ,N,N,N,J,N,KUNDER UNDER 18 ÅR                 ,N,N,N,N,N,N,N,N,N,N,N
4519,27090715416,P,00102,Salih Agata                        ,Sortland                           ,N,N,N,J,N,KUNDER UNDER 18 ÅR                 ,N,N,N,N,N,N,N,N,N,N,N
4519,23031123313,P,01200,Cathrin Frank                      ,Natås                              ,N,N,N,J,N,KUNDER UNDER 18 ÅR                 ,N,N,N,N,N,N,N,N,N,N,N
4519,01120910260,P,00102,Kristianne Gheorghe                ,Gaustad                            ,N,N,N,J,N,KUNDER UNDER 18 ÅR                 ,N,N,N,N,N,N,N,N,N,N,N
4519,04040801443,P,00102,Khadija Ted                        ,Kværner                            ,N,N,N,J,N,KUNDER UNDER 18 ÅR                 ,N,N,N,N,N,N,N,N,N,N,N
4519,04061051428,P,00800,Mai-Britt Sigve                    ,Hausken                            ,N,N,N,J,N,KUNDER UNDER 18 ÅR                 ,N,N,N,N,N,N,N,N,N,N,N
4519,30100623826,P,00800,Thorunn Pieter                     ,Ross                               ,N,N,N,J,N,KUNDER UNDER 18 ÅR                 ,N,N,N,N,N,N,N,N,N,N,N
4519,21031207433,P,00102,Tara Melvin                        ,Vaa                                ,N,N,N,J,N,KUNDER UNDER 18 ÅR                 ,N,N,N,N,N,N,N,N,N,N,N
4519,07021201655,P,00102,Paulina Staffan                    ,Aarsand                            ,N,N,N,J,N,KUNDER UNDER 18 ÅR                 ,N,N,N,N,N,N,N,N,N,N,N
4519,29011002437,P,01200,Ebba Hai                           ,Høgås                              ,N,N,N,J,N,KUNDER UNDER 18 ÅR                 ,N,N,N,N,N,N,N,N,N,N,N
4519,14101610153,P,00900,Jasmine Dean                       ,Høydal                             ,N,N,N,J,N,KUNDER UNDER 18 ÅR                 ,N,N,N,N,N,N,N,N,N,N,N
4519,22101233336,P,00102,Laila Hallgeir                     ,Ulseth                             ,N,N,N,J,N,KUNDER UNDER 18 ÅR                 ,N,N,N,N,N,N,N,N,N,N,N
4519,10060779177,P,00102,Rukhsana Rudi                      ,Arnestad                           ,N,N,N,J,N,KUNDER UNDER 18 ÅR                 ,N,N,N,N,N,N,N,N,N,N,N
4519,05120932324,P,00102,Heine Anne-Kristin                 ,Jansen                             ,N,N,N,J,N,KUNDER UNDER 18 ÅR                 ,N,N,N,N,N,N,N,N,N,N,N
4519,15081229748,P,00102,Fatma Adem                         ,Trengereid                         ,N,N,N,J,N,KUNDER UNDER 18 ÅR                 ,N,N,N,N,N,N,N,N,N,N,N
4519,27111326679,P,01200,Henrik Martyna                     ,Hynne                              ,N,N,N,J,N,KUNDER UNDER 18 ÅR                 ,N,N,N,N,N,N,N,N,N,N,N
4519,16030712580,P,00102,Cristian Edel                      ,Løge                               ,N,N,N,J,N,KUNDER UNDER 18 ÅR                 ,N,N,N,N,N,N,N,N,N,N,N
4519,24081636083,P,00102,Eve Romualdas                      ,Kvalø                              ,N,N,N,J,N,KUNDER UNDER 18 ÅR                 ,N,N,N,N,N,N,N,N,N,N,N
4519,21070610342,P,00102,Håvard Stina                       ,Hinna                              ,N,N,N,J,N,KUNDER UNDER 18 ÅR                 ,N,N,N,N,N,N,N,N,N,N,N
4519,19111435432,P,00900,Kai Ilona                          ,Engum                              ,N,N,N,J,N,KUNDER UNDER 18 ÅR                 ,N,N,N,N,N,N,N,N,N,N,N
4519,03011211339,P,00102,Hallgeir Giske                     ,Hokstad                            ,N,N,N,J,N,KUNDER UNDER 18 ÅR                 ,N,N,N,N,N,N,N,N,N,N,N
4519,06011612294,P,00102,Annikken Øyvind                    ,Røkenes                            ,J,N,N,J,N,KUNDER UNDER 18 ÅR                 ,N,N,N,N,N,N,N,N,N,N,N
4519,27010931784,P,00900,Johan Ingalill                     ,Weum                               ,N,N,N,J,N,KUNDER UNDER 18 ÅR                 ,N,N,N,N,N,N,N,N,N,N,N
4519,06090634060,P,00900,Minda Tron                         ,Andorsen                           ,N,N,N,J,N,KUNDER UNDER 18 ÅR                 ,N,N,N,N,N,N,N,N,N,N,N
4519,04070630333,P,00102,Mathea Pawel                       ,Hernæs                             ,N,N,N,J,N,KUNDER UNDER 18 ÅR                 ,N,N,N,N,N,N,N,N,N,N,N
4519,09121202899,P,01200,Veronika Cesar                     ,Høye                               ,N,N,N,J,N,KUNDER UNDER 18 ÅR                 ,N,N,N,N,N,N,N,N,N,N,N
4519,02010733726,P,00102,Anne-Kari Anstein                  ,Aarsand                            ,N,N,N,J,N,KUNDER UNDER 18 ÅR                 ,N,N,N,N,N,N,N,N,N,N,N
4519,06121531605,P,00900,Luz Tollef                         ,Rikardsen                          ,N,N,N,J,N,KUNDER UNDER 18 ÅR                 ,N,N,N,N,N,N,N,N,N,N,N
4519,29010643854,P,01200,Camille Almar                      ,Mæland                             ,N,N,N,J,N,KUNDER UNDER 18 ÅR                 ,N,N,N,N,N,N,N,N,N,N,N
4519,16030604346,P,00900,Karianne Fridtjov                  ,Skjerping                          ,N,N,N,J,N,KUNDER UNDER 18 ÅR                 ,N,N,N,N,N,N,N,N,N,N,N
4519,24050737051,P,01200,Stefanie Rudi                      ,Krasniqi                           ,N,N,N,J,N,KUNDER UNDER 18 ÅR                 ,N,N,N,N,N,N,N,N,N,N,N
4519,30050816954,P,00900,Justas Ilse                        ,Øen                                ,N,N,N,J,N,KUNDER UNDER 18 ÅR                 ,N,N,N,N,N,N,N,N,N,N,N
4519,10080907805,P,00900,Justas Christa                     ,Aleksandersen                      ,N,N,N,J,N,KUNDER UNDER 18 ÅR                 ,N,N,N,N,N,N,N,N,N,N,N
4519,13090656060,P,01200,Nataniel Milica                    ,Lillehagen                         ,J,N,N,J,N,KUNDER UNDER 18 ÅR                 ,N,N,N,N,N,N,N,N,N,N,N
4519,16081038833,P,00102,Bartosz Ann-Cecilie                ,Stavrum                            ,N,N,N,J,N,KUNDER UNDER 18 ÅR                 ,N,N,N,N,N,N,N,N,N,N,N
4519,22011132735,P,00102,Magomed Yordanos                   ,Myrene                             ,N,N,N,J,N,KUNDER UNDER 18 ÅR                 ,N,N,N,N,N,N,N,N,N,N,N
4519,31080761131,P,00900,Gørild Skule                       ,Robertsen                          ,N,N,N,J,N,KUNDER UNDER 18 ÅR                 ,N,N,N,N,N,N,N,N,N,N,N
4519,09080730591,P,01200,Ida Varg                           ,Høgås                              ,N,N,N,J,N,KUNDER UNDER 18 ÅR                 ,N,N,N,N,N,N,N,N,N,N,N
4519,18010829530,P,01200,Sara Istvan                        ,Torvund                            ,N,N,N,J,N,KUNDER UNDER 18 ÅR                 ,N,N,N,N,N,N,N,N,N,N,N
4519,20090812921,P,00900,Biniam Ingela                      ,Magnussen                          ,N,N,N,J,N,KUNDER UNDER 18 ÅR                 ,N,N,N,N,N,N,N,N,N,N,N
4519,17080910177,P,00102,Wojciech Brith                     ,Bjørkmo                            ,N,N,N,J,N,KUNDER UNDER 18 ÅR                 ,N,N,N,N,N,N,N,N,N,N,N
4519,02010716767,P,00102,Vasile Heidrun                     ,Lokøy                              ,N,N,N,J,N,KUNDER UNDER 18 ÅR                 ,N,N,N,N,N,N,N,N,N,N,N
4519,22051336163,P,00800,Torsten Ellie                      ,Schøyen                            ,N,N,N,J,N,KUNDER UNDER 18 ÅR                 ,N,N,N,N,N,N,N,N,N,N,N
4519,06040633217,P,00102,Inger Mattis                       ,Helgeland                          ,N,N,N,J,N,KUNDER UNDER 18 ÅR                 ,N,N,N,N,N,N,N,N,N,N,N
4519,13050861966,P,01200,Ib Anne-Marthe                     ,Nordanger                          ,N,N,N,J,N,KUNDER UNDER 18 ÅR                 ,N,N,N,N,N,N,N,N,N,N,N
4519,03081211107,P,00900,Karwan Antonia                     ,Telle                              ,N,N,N,J,N,KUNDER UNDER 18 ÅR                 ,N,N,N,N,N,N,N,N,N,N,N
4519,23021520845,P,00800,Nataniel Melanie                   ,Kvalø                              ,N,N,N,J,N,KUNDER UNDER 18 ÅR                 ,N,N,N,N,N,N,N,N,N,N,N
4519,10050718064,P,00102,Mie Trond                          ,Sola                               ,N,N,N,J,N,KUNDER UNDER 18 ÅR                 ,N,N,N,N,N,N,N,N,N,N,N
4519,25061678347,P,00102,Merita Christer                    ,Wiig                               ,N,N,N,J,N,KUNDER UNDER 18 ÅR                 ,N,N,N,N,N,N,N,N,N,N,N
4519,14101212352,P,00102,Idunn Bruno                        ,Lam                                ,N,N,N,J,N,KUNDER UNDER 18 ÅR                 ,N,N,N,N,N,N,N,N,N,N,N
4519,26030611666,P,00900,Arnulf Berly                       ,Viddal                             ,N,N,N,J,N,KUNDER UNDER 18 ÅR                 ,N,N,N,N,N,N,N,N,N,N,N
4519,25120601450,P,00900,Astri Eigil                        ,Høgset                             ,N,N,N,J,N,KUNDER UNDER 18 ÅR                 ,N,N,N,N,N,N,N,N,N,N,N
4519,12071427852,P,00102,Heine Solrunn                      ,Alsos                              ,N,N,N,J,N,KUNDER UNDER 18 ÅR                 ,N,N,N,N,N,N,N,N,N,N,N
4519,11081430979,P,00800,Knut-Erik Inger-Johanne            ,Bendiksen                          ,N,N,N,J,N,KUNDER UNDER 18 ÅR                 ,N,N,N,N,N,N,N,N,N,N,N
4519,16050824636,P,00102,Neil Milla                         ,Skjeggestad                        ,N,N,N,J,N,KUNDER UNDER 18 ÅR                 ,N,N,N,N,N,N,N,N,N,N,N
4519,13081066994,P,00102,Beathe Eduard                      ,Vindenes                           ,N,N,N,J,N,KUNDER UNDER 18 ÅR                 ,N,N,N,N,N,N,N,N,N,N,N
4519,04040961017,P,01200,Annikken Tristan                   ,Svela                              ,N,N,N,J,N,KUNDER UNDER 18 ÅR                 ,N,N,N,N,N,N,N,N,N,N,N
4519,25091316458,P,00102,Nataniel Milica                    ,Evjen                              ,N,N,N,J,N,KUNDER UNDER 18 ÅR                 ,N,N,N,N,N,N,N,N,N,N,N
4519,23120837435,P,00102,Gunlaug Istvan                     ,Homme                              ,N,N,N,J,N,KUNDER UNDER 18 ÅR                 ,N,N,N,N,N,N,N,N,N,N,N
4519,01060823614,P,00800,Vivi-Ann Joakim                    ,Ugelstad                           ,N,N,N,J,N,KUNDER UNDER 18 ÅR                 ,N,N,N,N,N,N,N,N,N,N,N
4519,08050622429,P,01200,Kariann Kim-Andre                  ,Aukland                            ,J,N,N,J,N,KUNDER UNDER 18 ÅR                 ,N,N,N,N,N,N,N,N,N,N,N
4519,08030722621,P,01200,Mateusz Gunnhild                   ,Shah                               ,N,N,N,J,N,KUNDER UNDER 18 ÅR                 ,N,N,N,N,N,N,N,N,N,N,N
4519,19051578492,P,00102,Eleni Oddmund                      ,Dybdal                             ,N,N,N,J,N,KUNDER UNDER 18 ÅR                 ,N,N,N,N,N,N,N,N,N,N,N
4519,07090976367,P,00102,Oddmar Kathrine                    ,Kind                               ,N,N,N,J,N,KUNDER UNDER 18 ÅR                 ,N,N,N,N,N,N,N,N,N,N,N
4519,16091506495,P,00900,Torgun Kemal                       ,Rui                                ,N,N,N,J,N,KUNDER UNDER 18 ÅR                 ,N,N,N,N,N,N,N,N,N,N,N
4519,31070828785,P,00102,Ann-Katrin Herleif                 ,Tallaksen                          ,N,N,N,J,N,KUNDER UNDER 18 ÅR                 ,N,N,N,N,N,N,N,N,N,N,N
4519,19061201583,P,00900,Liza Nikolai                       ,Wille                              ,N,N,N,J,N,KUNDER UNDER 18 ÅR                 ,N,N,N,N,N,N,N,N,N,N,N
4519,21081509961,P,06008,Anne-Karine Sivert                 ,Tyldum                             ,N,N,N,J,N,KUNDER UNDER 18 ÅR                 ,N,N,N,N,N,N,N,N,N,N,N
4519,19051431785,P,00102,Hallgeir Giske                     ,Loe                                ,N,N,N,J,N,KUNDER UNDER 18 ÅR                 ,N,N,N,N,N,N,N,N,N,N,N
4519,21110617590,P,00800,Justinas Oddbjørg                  ,Brænden                            ,N,N,N,J,N,KUNDER UNDER 18 ÅR                 ,N,N,N,N,N,N,N,N,N,N,N
4519,30081013353,P,00102,Ann-Katrin Melvin                  ,Klepp                              ,N,N,N,J,N,KUNDER UNDER 18 ÅR                 ,N,N,N,N,N,N,N,N,N,N,N
4519,09100841034,P,00102,Bergitte Hai                       ,Storheim                           ,N,N,N,J,N,KUNDER UNDER 18 ÅR                 ,N,N,N,N,N,N,N,N,N,N,N
4519,18030740455,P,00102,Rosita Hans-Christian              ,Nygren                             ,N,N,N,J,N,KUNDER UNDER 18 ÅR                 ,N,N,N,N,N,N,N,N,N,N,N
4519,01080704956,P,00800,Ingegjerd Trond                    ,Kvande                             ,N,N,N,J,N,KUNDER UNDER 18 ÅR                 ,N,N,N,N,N,N,N,N,N,N,N
4519,29011533122,P,00102,Andre Norunn                       ,Vikøren                            ,J,N,N,J,N,KUNDER UNDER 18 ÅR                 ,N,N,N,N,N,N,N,N,N,N,N
4519,23070943328,P,00102,Isa Albin                          ,Haraldstad                         ,N,N,N,J,N,KUNDER UNDER 18 ÅR                 ,N,N,N,N,N,N,N,N,N,N,N
4519,27031308858,P,00102,Annika Ionut                       ,Knarvik                            ,N,N,N,J,N,KUNDER UNDER 18 ÅR                 ,N,N,N,N,N,N,N,N,N,N,N
4519,21110826459,P,00800,Salih Emelie                       ,Monstad                            ,N,N,N,J,N,KUNDER UNDER 18 ÅR                 ,N,N,N,N,N,N,N,N,N,N,N
4519,14080964367,P,01200,Cathrin Frank                      ,Haugom                             ,N,N,N,J,N,KUNDER UNDER 18 ÅR                 ,N,N,N,N,N,N,N,N,N,N,N
4519,13070641121,P,00800,Rodney Aina                        ,Lilleås                            ,N,N,N,J,N,KUNDER UNDER 18 ÅR                 ,N,N,N,N,N,N,N,N,N,N,N
4519,16031133908,P,00102,Benny Minna                        ,Ekroll                             ,N,N,N,J,N,KUNDER UNDER 18 ÅR                 ,N,N,N,N,N,N,N,N,N,N,N
4519,18111005350,P,00900,Ea Julian                          ,Haave                              ,N,N,N,J,N,KUNDER UNDER 18 ÅR                 ,N,N,N,N,N,N,N,N,N,N,N
4519,25010921743,P,00900,Mary Syed                          ,Andorsen                           ,N,N,N,J,N,KUNDER UNDER 18 ÅR                 ,N,N,N,N,N,N,N,N,N,N,N
4519,05100603278,P,00102,Hildegard Magnus                   ,Håland                             ,N,N,N,J,N,KUNDER UNDER 18 ÅR                 ,N,N,N,N,N,N,N,N,N,N,N
4519,17121016168,P,00900,Weronika Akram                     ,Barstad                            ,N,N,N,J,N,KUNDER UNDER 18 ÅR                 ,N,N,N,N,N,N,N,N,N,N,N
4519,02051208709,P,01200,Ulrike Jann                        ,Dyrhaug                            ,N,N,N,J,N,KUNDER UNDER 18 ÅR                 ,N,N,N,N,N,N,N,N,N,N,N
4519,05100619182,P,00900,Rodney Frida                       ,Ruud                               ,N,N,N,J,N,KUNDER UNDER 18 ÅR                 ,N,N,N,N,N,N,N,N,N,N,N
4519,21091208196,P,00800,Herman Eleni                       ,Ottersen                           ,N,N,N,J,N,KUNDER UNDER 18 ÅR                 ,N,N,N,N,N,N,N,N,N,N,N
4519,05061407792,P,00800,Edgars Monicha                     ,Anwar                              ,N,N,N,J,N,KUNDER UNDER 18 ÅR                 ,N,N,N,N,N,N,N,N,N,N,N
4519,09101227216,P,01200,Andres Inger-Johanne               ,Storaker                           ,N,N,N,J,N,KUNDER UNDER 18 ÅR                 ,N,N,N,N,N,N,N,N,N,N,N
4519,07100908438,P,00102,Ava Agnar                          ,Brenden                            ,N,N,N,J,N,KUNDER UNDER 18 ÅR                 ,N,N,N,N,N,N,N,N,N,N,N
4519,16100775178,P,01200,Kristine Irfan                     ,Miljeteig                          ,N,N,N,J,N,KUNDER UNDER 18 ÅR                 ,N,N,N,N,N,N,N,N,N,N,N
4519,24091107631,P,00800,Geir Eirunn                        ,Wiken                              ,N,N,N,J,N,KUNDER UNDER 18 ÅR                 ,N,N,N,N,N,N,N,N,N,N,N
4519,16051581540,P,01200,Oddmar Kathrine                    ,Grinde                             ,N,N,N,J,N,KUNDER UNDER 18 ÅR                 ,N,N,N,N,N,N,N,N,N,N,N
4519,25120709677,P,01200,Ann-Elisabeth Knut-Erik            ,Voll                               ,N,N,N,J,N,KUNDER UNDER 18 ÅR                 ,N,N,N,N,N,N,N,N,N,N,N
4519,27041209882,P,00800,Marcel Thora                       ,Lauritsen                          ,N,N,N,J,N,KUNDER UNDER 18 ÅR                 ,N,N,N,N,N,N,N,N,N,N,N
4519,29010816511,P,01200,Nicola Sture                       ,Grinde                             ,N,N,N,J,N,KUNDER UNDER 18 ÅR                 ,N,N,N,N,N,N,N,N,N,N,N
4519,08081222968,P,00102,Luisa Mieczyslaw                   ,Refsland                           ,N,N,N,J,N,KUNDER UNDER 18 ÅR                 ,N,N,N,N,N,N,N,N,N,N,N
4519,17100707411,P,00102,Kristofer Mariola                  ,Aagesen                            ,N,N,N,J,N,KUNDER UNDER 18 ÅR                 ,N,N,N,N,N,N,N,N,N,N,N
4519,30090807664,P,01200,Ibrahim Manuela                    ,Steindal                           ,N,N,N,J,N,KUNDER UNDER 18 ÅR                 ,N,N,N,N,N,N,N,N,N,N,N
4519,27111216938,P,00800,Dragana Dario                      ,Ramsøy                             ,N,N,N,J,N,KUNDER UNDER 18 ÅR                 ,N,N,N,N,N,N,N,N,N,N,N
4519,03061200966,P,00102,Beata Yosef                        ,Steindal                           ,J,N,N,J,N,KUNDER UNDER 18 ÅR                 ,N,N,N,N,N,N,N,N,N,N,N
4519,05070906793,P,00102,Ayse Maciej                        ,Sæbø                               ,N,N,N,J,N,KUNDER UNDER 18 ÅR                 ,N,N,N,N,N,N,N,N,N,N,N
4519,02051404567,P,00102,Yohannes Ida                       ,Randen                             ,N,N,N,J,N,KUNDER UNDER 18 ÅR                 ,N,N,N,N,N,N,N,N,N,N,N
4519,23031421799,P,01200,Selina Mantas                      ,Miljeteig                          ,N,N,N,J,N,KUNDER UNDER 18 ÅR                 ,N,N,N,N,N,N,N,N,N,N,N
4519,20050714013,P,00102,Vita Helmer                        ,Balstad                            ,N,N,N,J,N,KUNDER UNDER 18 ÅR                 ,N,N,N,N,N,N,N,N,N,N,N
4519,05010621587,P,00102,Farhad Lucy                        ,Homme                              ,N,N,N,J,N,KUNDER UNDER 18 ÅR                 ,N,N,N,N,N,N,N,N,N,N,N
4519,20111205370,P,00900,Mai Mehran                         ,Aker                               ,N,N,N,J,N,KUNDER UNDER 18 ÅR                 ,N,N,N,N,N,N,N,N,N,N,N
4519,05040801210,P,00800,Rizwan Eldrid                      ,Fjeldheim                          ,N,N,N,J,N,KUNDER UNDER 18 ÅR                 ,N,N,N,N,N,N,N,N,N,N,N
4519,22111213996,P,01200,Thea Babak                         ,Trana                              ,N,N,N,J,N,KUNDER UNDER 18 ÅR                 ,N,N,N,N,N,N,N,N,N,N,N
4519,08041317761,P,00102,Mussie Noor                        ,Sparby                             ,N,N,N,J,N,KUNDER UNDER 18 ÅR                 ,N,N,N,N,N,N,N,N,N,N,N
4519,04091335366,P,01200,Viktoria Herbert                   ,Ulriksen                           ,N,N,N,J,N,KUNDER UNDER 18 ÅR                 ,N,N,N,N,N,N,N,N,N,N,N
4519,06070773501,P,01200,Monica Ionut                       ,Bendiksen                          ,N,N,N,J,N,KUNDER UNDER 18 ÅR                 ,N,N,N,N,N,N,N,N,N,N,N
4519,19011207475,P,00900,Christen Marie                     ,Reite                              ,N,N,N,J,N,KUNDER UNDER 18 ÅR                 ,N,N,N,N,N,N,N,N,N,N,N
4519,16021105345,P,00102,Andrej Anne-Lill                   ,Miljeteig                          ,N,N,N,J,N,KUNDER UNDER 18 ÅR                 ,N,N,N,N,N,N,N,N,N,N,N
4519,28120913737,P,00102,Radoslaw Mimi                      ,Olavesen                           ,N,N,N,J,N,KUNDER UNDER 18 ÅR                 ,N,N,N,N,N,N,N,N,N,N,N
4519,28070730423,P,01200,Mehran Adele                       ,Askvik                             ,N,N,N,J,N,KUNDER UNDER 18 ÅR                 ,N,N,N,N,N,N,N,N,N,N,N
4519,06071307024,P,00800,Dominika Skule                     ,Horvei                             ,N,N,N,J,N,KUNDER UNDER 18 ÅR                 ,N,N,N,N,N,N,N,N,N,N,N
4519,31121108073,P,00102,Aneta Kolbein                      ,Nyhus                              ,N,N,N,J,N,KUNDER UNDER 18 ÅR                 ,N,N,N,N,N,N,N,N,N,N,N
4519,15061151610,P,00102,Ståle Norunn                       ,Engelund                           ,N,N,N,J,N,KUNDER UNDER 18 ÅR                 ,N,N,N,N,N,N,N,N,N,N,N
4519,30080700837,P,00102,Irena Alv                          ,Grinde                             ,N,N,N,J,N,KUNDER UNDER 18 ÅR                 ,N,N,N,N,N,N,N,N,N,N,N
4519,04031200178,P,00102,Liss Knut-Erik                     ,Glad                               ,N,N,N,J,N,KUNDER UNDER 18 ÅR                 ,N,N,N,N,N,N,N,N,N,N,N
4519,28120926766,P,00102,Semhar Boye                        ,Olsrud                             ,N,N,N,J,N,KUNDER UNDER 18 ÅR                 ,N,N,N,N,N,N,N,N,N,N,N
4519,10041017525,P,00102,Aigars May-Brit                    ,Grøndal                            ,J,N,N,J,N,KUNDER UNDER 18 ÅR                 ,N,N,N,N,N,N,N,N,N,N,N
4519,18021563605,P,00102,Berly Dean                         ,Vevang                             ,N,N,N,J,N,KUNDER UNDER 18 ÅR                 ,N,N,N,N,N,N,N,N,N,N,N
4519,14111224235,P,01200,Bjarte Solvår                      ,Melvold                            ,N,N,N,J,N,KUNDER UNDER 18 ÅR                 ,N,N,N,N,N,N,N,N,N,N,N
4519,03030726153,P,00900,Reid Sol                           ,Berntzen                           ,N,N,N,J,N,KUNDER UNDER 18 ÅR                 ,N,N,N,N,N,N,N,N,N,N,N
4519,27101527838,P,00800,Paulina Staffan                    ,Lomeland                           ,J,N,N,J,N,KUNDER UNDER 18 ÅR                 ,N,N,N,N,N,N,N,N,N,N,N
4519,17101318737,P,00102,Tomine Akram                       ,Thorgersen                         ,N,N,N,J,N,KUNDER UNDER 18 ÅR                 ,N,N,N,N,N,N,N,N,N,N,N
4519,21071303583,P,00102,Oluf Melisa                        ,Heiberg                            ,N,N,N,J,N,KUNDER UNDER 18 ÅR                 ,N,N,N,N,N,N,N,N,N,N,N
4519,13100903657,P,00900,Hodan Yaser                        ,Kolbjørnsen                        ,N,N,N,J,N,KUNDER UNDER 18 ÅR                 ,N,N,N,N,N,N,N,N,N,N,N
4519,20020911361,P,00102,Idunn Nabil                        ,Nysæter                            ,N,N,N,J,N,KUNDER UNDER 18 ÅR                 ,N,N,N,N,N,N,N,N,N,N,N
4519,04030627127,P,01200,Isaac Matilda                      ,Slåtten                            ,N,N,N,J,N,KUNDER UNDER 18 ÅR                 ,N,N,N,N,N,N,N,N,N,N,N
4519,29090833691,P,01200,Cesar Eldbjørg                     ,Vikan                              ,N,N,N,J,N,KUNDER UNDER 18 ÅR                 ,N,N,N,N,N,N,N,N,N,N,N
4519,14111214868,P,00102,Anne-Kari Skule                    ,Askvik                             ,N,N,N,J,N,KUNDER UNDER 18 ÅR                 ,N,N,N,N,N,N,N,N,N,N,N
4519,24011154154,P,00800,Juozas Veronika                    ,Vold                               ,N,N,N,J,N,KUNDER UNDER 18 ÅR                 ,N,N,N,N,N,N,N,N,N,N,N
4519,05080909073,P,00102,Wojciech Franziska                 ,Husøy                              ,N,N,N,J,N,KUNDER UNDER 18 ÅR                 ,N,N,N,N,N,N,N,N,N,N,N
4519,11050721835,P,00800,Torolf May-Britt                   ,Helgerud                           ,N,N,N,J,N,KUNDER UNDER 18 ÅR                 ,N,N,N,N,N,N,N,N,N,N,N
4519,06010834587,P,00800,Paola Francisco                    ,Sirevåg                            ,N,N,N,J,N,KUNDER UNDER 18 ÅR                 ,N,N,N,N,N,N,N,N,N,N,N
4519,06111079372,P,00800,Benthe Haakon                      ,Ofstad                             ,N,N,N,J,N,KUNDER UNDER 18 ÅR                 ,N,N,N,N,N,N,N,N,N,N,N
4519,29011115134,P,00102,Mailinn Ireneusz                   ,Leknes                             ,N,N,N,J,N,KUNDER UNDER 18 ÅR                 ,N,N,N,N,N,N,N,N,N,N,N
4519,08081108006,P,00102,Ilyas Alison                       ,Brænden                            ,N,N,N,J,N,KUNDER UNDER 18 ÅR                 ,N,N,N,N,N,N,N,N,N,N,N
4519,17071120554,P,00102,Heiko Merethe                      ,Afzal                              ,N,N,N,J,N,KUNDER UNDER 18 ÅR                 ,N,N,N,N,N,N,N,N,N,N,N
4519,24121212303,P,01200,Franz Birgitta                     ,Løtveit                            ,N,N,N,J,N,KUNDER UNDER 18 ÅR                 ,N,N,N,N,N,N,N,N,N,N,N
4519,06091402805,P,00102,Janny Kato                         ,Homme                              ,N,N,N,J,N,KUNDER UNDER 18 ÅR                 ,N,N,N,N,N,N,N,N,N,N,N
4519,17010725216,P,00102,Amer Edel                          ,Smedsrud                           ,N,N,N,J,N,KUNDER UNDER 18 ÅR                 ,N,N,N,N,N,N,N,N,N,N,N
4519,03091118911,P,00102,Christen Selma                     ,Storeide                           ,J,N,N,J,N,KUNDER UNDER 18 ÅR                 ,N,N,N,N,N,N,N,N,N,N,N
4519,13081010190,P,00800,Esther Paulo                       ,Askeland                           ,N,N,N,J,N,KUNDER UNDER 18 ÅR                 ,N,N,N,N,N,N,N,N,N,N,N
4519,21101578892,P,00102,Hedda Gregor                       ,Finne                              ,J,N,N,J,N,KUNDER UNDER 18 ÅR                 ,N,N,N,N,N,N,N,N,N,N,N
4519,01111009429,P,00102,Joy Istvan                         ,Jama                               ,N,N,N,J,N,KUNDER UNDER 18 ÅR                 ,N,N,N,N,N,N,N,N,N,N,N
4519,29041371534,P,01200,Inge Odd-Arne                      ,Linnerud                           ,N,N,N,J,N,KUNDER UNDER 18 ÅR                 ,N,N,N,N,N,N,N,N,N,N,N
4519,12020928490,P,00102,Morteza Sine                       ,Gjengstø                           ,N,N,N,J,N,KUNDER UNDER 18 ÅR                 ,N,N,N,N,N,N,N,N,N,N,N
4519,20040828371,P,00102,Jan-Fredrik Janine                 ,Vevang                             ,N,N,N,J,N,KUNDER UNDER 18 ÅR                 ,N,N,N,N,N,N,N,N,N,N,N
4519,07071624166,P,01200,Tine Halstein                      ,Schøyen                            ,N,N,N,J,N,KUNDER UNDER 18 ÅR                 ,N,N,N,N,N,N,N,N,N,N,N
4519,14071409210,P,00900,Nanny Ben                          ,Brænden                            ,N,N,N,J,N,KUNDER UNDER 18 ÅR                 ,N,N,N,N,N,N,N,N,N,N,N
4519,19120720921,P,00102,Gard Lilian                        ,Kolbjørnsen                        ,N,N,N,J,N,KUNDER UNDER 18 ÅR                 ,N,N,N,N,N,N,N,N,N,N,N
4519,01070863665,P,00102,Mohamad Birgitte                   ,Repstad                            ,N,N,N,J,N,KUNDER UNDER 18 ÅR                 ,N,N,N,N,N,N,N,N,N,N,N
4519,07081227300,P,00900,Olea Donald                        ,Sulen                              ,N,N,N,J,N,KUNDER UNDER 18 ÅR                 ,N,N,N,N,N,N,N,N,N,N,N
4519,27091416609,P,00102,Elena Borger                       ,Hopen                              ,N,N,N,J,N,KUNDER UNDER 18 ÅR                 ,N,N,N,N,N,N,N,N,N,N,N
4519,13120678358,P,00900,Thorsten Edith                     ,Dybwad                             ,N,N,N,J,N,KUNDER UNDER 18 ÅR                 ,N,N,N,N,N,N,N,N,N,N,N
4519,15121509854,P,01200,Ernestas Gurine                    ,Sønstebø                           ,N,N,N,J,N,KUNDER UNDER 18 ÅR                 ,N,N,N,N,N,N,N,N,N,N,N
4519,21010956177,P,00800,Dragana Ion                        ,Bakkehaug                          ,N,N,N,J,N,KUNDER UNDER 18 ÅR                 ,N,N,N,N,N,N,N,N,N,N,N
4519,08011332588,P,01200,Nerijus Ioana                      ,Haldorsen                          ,N,N,N,J,N,KUNDER UNDER 18 ÅR                 ,N,N,N,N,N,N,N,N,N,N,N
4519,29041174488,P,01200,Thorbjørn Gunnbjørg                ,Lysø                               ,N,N,N,J,N,KUNDER UNDER 18 ÅR                 ,N,N,N,N,N,N,N,N,N,N,N
4519,01030766217,P,00800,Julio Saima                        ,Blomvik                            ,N,N,N,J,N,KUNDER UNDER 18 ÅR                 ,N,N,N,N,N,N,N,N,N,N,N
4519,12051117504,P,00102,Nikita Melvin                      ,Barstad                            ,N,N,N,J,N,KUNDER UNDER 18 ÅR                 ,N,N,N,N,N,N,N,N,N,N,N
4519,16101233735,P,01200,Jasmine Dean                       ,Ausland                            ,N,N,N,J,N,KUNDER UNDER 18 ÅR                 ,N,N,N,N,N,N,N,N,N,N,N
4519,12051711244,P,00102,Shukri Mikko                       ,Stålesen                           ,N,N,N,J,N,KUNDER UNDER 18 ÅR                 ,N,N,N,N,N,N,N,N,N,N,N
4519,21120723895,P,00800,Kjerstin Gudbrand                  ,Bendiksen                          ,N,N,N,J,N,KUNDER UNDER 18 ÅR                 ,N,N,N,N,N,N,N,N,N,N,N
4519,16011508719,P,01200,Steven Julie                       ,Ljosland                           ,N,N,N,J,N,KUNDER UNDER 18 ÅR                 ,N,N,N,N,N,N,N,N,N,N,N
4519,19070932787,P,01200,Bartosz Suzanne                    ,Moldskred                          ,N,N,N,J,N,KUNDER UNDER 18 ÅR                 ,N,N,N,N,N,N,N,N,N,N,N
4519,24061418985,P,01200,Rizwan Shukri                      ,Høye                               ,J,N,N,J,N,KUNDER UNDER 18 ÅR                 ,N,N,N,N,N,N,N,N,N,N,N
4519,03010833867,P,00102,Mathilde Sivert                    ,Lundeby                            ,N,N,N,J,N,KUNDER UNDER 18 ÅR                 ,N,N,N,N,N,N,N,N,N,N,N
4519,19120614293,P,00102,Olivia Mika                        ,Nysæter                            ,N,N,N,J,N,KUNDER UNDER 18 ÅR                 ,N,N,N,N,N,N,N,N,N,N,N
4519,03080913035,P,00102,Julio Ewa                          ,Haaland                            ,N,N,N,J,N,KUNDER UNDER 18 ÅR                 ,N,N,N,N,N,N,N,N,N,N,N
4519,03051003658,P,00102,Fillip Jessica                     ,Byrkjeland                         ,J,N,N,J,N,KUNDER UNDER 18 ÅR                 ,N,N,N,N,N,N,N,N,N,N,N
4519,18070905988,P,00800,Ann-Katrin Akram                   ,Lomeland                           ,N,N,N,J,N,KUNDER UNDER 18 ÅR                 ,N,N,N,N,N,N,N,N,N,N,N
4519,25121604283,P,00800,Runi Vegar                         ,Åsheim                             ,N,N,N,J,N,KUNDER UNDER 18 ÅR                 ,N,N,N,N,N,N,N,N,N,N,N
4519,16031075010,P,00102,Petr Marion                        ,Sandersen                          ,N,N,N,J,N,KUNDER UNDER 18 ÅR                 ,N,N,N,N,N,N,N,N,N,N,N
4519,05020931592,P,00102,Amelia Biniam                      ,Risa                               ,N,N,N,J,N,KUNDER UNDER 18 ÅR                 ,N,N,N,N,N,N,N,N,N,N,N
4519,28110807351,P,00800,Inghild Nikolai                    ,Albertsen                          ,N,N,N,J,N,KUNDER UNDER 18 ÅR                 ,N,N,N,N,N,N,N,N,N,N,N
4519,25111335527,P,00102,Ramune Herleif                     ,Mørkved                            ,N,N,N,J,N,KUNDER UNDER 18 ÅR                 ,N,N,N,N,N,N,N,N,N,N,N
4519,01051233367,P,00102,Jan-Fredrik Iveta                  ,Nyhuus                             ,N,N,N,J,N,KUNDER UNDER 18 ÅR                 ,N,N,N,N,N,N,N,N,N,N,N
4519,23111127212,P,01200,Torolf Sarah                       ,Munkvold                           ,N,N,N,J,N,KUNDER UNDER 18 ÅR                 ,N,N,N,N,N,N,N,N,N,N,N
4519,06060910934,P,01200,Arnulf Evita                       ,Theodorsen                         ,N,N,N,J,N,KUNDER UNDER 18 ÅR                 ,N,N,N,N,N,N,N,N,N,N,N
4519,24090856789,P,00102,Andrej Anne-Lill                   ,Stensby                            ,N,N,N,J,N,KUNDER UNDER 18 ÅR                 ,N,N,N,N,N,N,N,N,N,N,N
4519,15071414164,P,00102,Dødsbo Thorleif                    ,Nesvik                             ,N,N,N,J,N,KUNDER UNDER 18 ÅR                 ,N,N,N,N,N,N,N,N,N,N,N
4519,16101031288,P,00102,Eduardo Vilde                      ,Gulli                              ,N,N,N,J,N,KUNDER UNDER 18 ÅR                 ,N,N,N,N,N,N,N,N,N,N,N
4519,08081116149,P,01200,Justas Felicia                     ,Skåre                              ,N,N,N,J,N,KUNDER UNDER 18 ÅR                 ,N,N,N,N,N,N,N,N,N,N,N
4519,20071200133,P,00102,Pablo Sophie                       ,Tellefsen                          ,N,N,N,J,N,KUNDER UNDER 18 ÅR                 ,N,N,N,N,N,N,N,N,N,N,N
4519,14080712481,P,00102,Magomed Lill-Tove                  ,Røkenes                            ,N,N,N,J,N,KUNDER UNDER 18 ÅR                 ,N,N,N,N,N,N,N,N,N,N,N
4519,06050837775,P,01200,Cesar Elma                         ,Mehl                               ,N,N,N,J,N,KUNDER UNDER 18 ÅR                 ,N,N,N,N,N,N,N,N,N,N,N
4519,23051216237,P,01200,Alia Mladen                        ,Espedal                            ,N,N,N,J,N,KUNDER UNDER 18 ÅR                 ,N,N,N,N,N,N,N,N,N,N,N
4519,08111128635,P,01200,Henrik Inez                        ,Nysæther                           ,N,N,N,J,N,KUNDER UNDER 18 ÅR                 ,N,N,N,N,N,N,N,N,N,N,N
4519,20081010588,P,00900,Beth Søren                         ,Brænden                            ,N,N,N,J,N,KUNDER UNDER 18 ÅR                 ,N,N,N,N,N,N,N,N,N,N,N
4519,18051033511,P,00900,Ann-Marie Stein-Erik               ,Lilleby                            ,N,N,N,J,N,KUNDER UNDER 18 ÅR                 ,N,N,N,N,N,N,N,N,N,N,N
4519,20030932928,P,01200,Geir Leah                          ,Sletten                            ,N,N,N,J,N,KUNDER UNDER 18 ÅR                 ,N,N,N,N,N,N,N,N,N,N,N
4519,01121125958,P,00102,Julio Alena                        ,Westgård                           ,N,N,N,J,N,KUNDER UNDER 18 ÅR                 ,N,N,N,N,N,N,N,N,N,N,N
4519,12030723552,P,00102,Mantas Sølvi                       ,Vestbø                             ,N,N,N,J,N,KUNDER UNDER 18 ÅR                 ,N,N,N,N,N,N,N,N,N,N,N
4519,19060821839,P,00800,Annett Gudbrand                    ,Aanestad                           ,N,N,N,J,N,KUNDER UNDER 18 ÅR                 ,N,N,N,N,N,N,N,N,N,N,N
4519,07051375879,P,01200,Tadeusz Moa                        ,Berthelsen                         ,N,N,N,J,N,KUNDER UNDER 18 ÅR                 ,N,N,N,N,N,N,N,N,N,N,N
4519,23100660342,P,00102,Jens Ylva                          ,Hollund                            ,N,N,N,J,N,KUNDER UNDER 18 ÅR                 ,N,N,N,N,N,N,N,N,N,N,N
4519,18011434823,P,00800,Olina Dovydas                      ,Trengereid                         ,N,N,N,J,N,KUNDER UNDER 18 ÅR                 ,N,N,N,N,N,N,N,N,N,N,N
4519,24040960860,P,01200,Naima Agnar                        ,Veiby                              ,N,N,N,J,N,KUNDER UNDER 18 ÅR                 ,N,N,N,N,N,N,N,N,N,N,N
4519,01080617611,P,00900,Ingfrid Frederik                   ,Vedå                               ,N,N,N,J,N,KUNDER UNDER 18 ÅR                 ,N,N,N,N,N,N,N,N,N,N,N
4519,31101004999,P,00800,Jorge Grace                        ,Søvik                              ,N,N,N,J,N,KUNDER UNDER 18 ÅR                 ,N,N,N,N,N,N,N,N,N,N,N
4519,11061510046,P,01200,Unn Marcos                         ,Borch                              ,N,N,N,J,N,KUNDER UNDER 18 ÅR                 ,N,N,N,N,N,N,N,N,N,N,N
4519,27051112836,P,00800,Birgitte Noel                      ,Nygaard                            ,N,N,N,J,N,KUNDER UNDER 18 ÅR                 ,N,N,N,N,N,N,N,N,N,N,N
4519,10120902321,P,01200,Thorild Danny                      ,Øye                                ,N,N,N,J,N,KUNDER UNDER 18 ÅR                 ,N,N,N,N,N,N,N,N,N,N,N
4519,09100653904,P,01200,Mari Jann                          ,Sørbø                              ,N,N,N,J,N,KUNDER UNDER 18 ÅR                 ,N,N,N,N,N,N,N,N,N,N,N
4519,16031021913,P,00900,Clara Ask                          ,Engelund                           ,N,N,N,J,N,KUNDER UNDER 18 ÅR                 ,N,N,N,N,N,N,N,N,N,N,N
4519,12080922165,P,00800,Søren Rakel                        ,Gjelsten                           ,N,N,N,J,N,KUNDER UNDER 18 ÅR                 ,N,N,N,N,N,N,N,N,N,N,N
4519,01100914111,P,00102,Edward Rahma                       ,Vevang                             ,N,N,N,J,N,KUNDER UNDER 18 ÅR                 ,N,N,N,N,N,N,N,N,N,N,N
4519,16070850420,P,00102,Dorthe Boye                        ,Odden                              ,N,N,N,J,N,KUNDER UNDER 18 ÅR                 ,N,N,N,N,N,N,N,N,N,N,N
4519,24120638307,P,00900,Herborg Duc                        ,Guttormsen                         ,N,N,N,J,N,KUNDER UNDER 18 ÅR                 ,N,N,N,N,N,N,N,N,N,N,N
4519,20070717140,P,00102,Eldfrid Kamran                     ,Sørbø                              ,N,N,N,J,N,KUNDER UNDER 18 ÅR                 ,N,N,N,N,N,N,N,N,N,N,N
4519,21040865486,P,01200,Sigita Hallgeir                    ,Lyngstad                           ,N,N,N,J,N,KUNDER UNDER 18 ÅR                 ,N,N,N,N,N,N,N,N,N,N,N
4519,08121003954,P,00102,Marlin Sturle                      ,Rikardsen                          ,N,N,N,J,N,KUNDER UNDER 18 ÅR                 ,N,N,N,N,N,N,N,N,N,N,N
4519,25060756131,P,00800,Thorsten Edith                     ,Kjærvik                            ,N,N,N,J,N,KUNDER UNDER 18 ÅR                 ,N,N,N,N,N,N,N,N,N,N,N
4519,16081217460,P,01200,Oskar Anke                         ,Hellesø                            ,N,N,N,J,N,KUNDER UNDER 18 ÅR                 ,N,N,N,N,N,N,N,N,N,N,N
4519,11051600004,P,01200,Malene Milian                      ,Butt                               ,N,N,N,J,N,KUNDER UNDER 18 ÅR                 ,N,N,N,N,N,N,N,N,N,N,N
4519,24111010532,P,00102,Annabel Ioan                       ,Farstad                            ,N,N,N,J,N,KUNDER UNDER 18 ÅR                 ,N,N,N,N,N,N,N,N,N,N,N
4519,12110907034,P,01200,Kinga Magnus                       ,Thorkildsen                        ,N,N,N,J,N,KUNDER UNDER 18 ÅR                 ,N,N,N,N,N,N,N,N,N,N,N
4519,23021405876,P,00800,Anna-Lena Benny                    ,Eidem                              ,N,N,N,J,N,KUNDER UNDER 18 ÅR                 ,N,N,N,N,N,N,N,N,N,N,N
4519,30010625536,P,00900,Odd-Erik Judit                     ,Myrhaug                            ,N,N,N,J,N,KUNDER UNDER 18 ÅR                 ,N,N,N,N,N,N,N,N,N,N,N
4519,24031020375,P,00900,Ahmed Martha                       ,Torp                               ,N,N,N,J,N,KUNDER UNDER 18 ÅR                 ,N,N,N,N,N,N,N,N,N,N,N
4519,05031008966,P,00900,Birgit Laimonas                    ,Zimmermann                         ,N,N,N,J,N,KUNDER UNDER 18 ÅR                 ,N,N,N,N,N,N,N,N,N,N,N
4519,29031269766,P,00800,Oddny Marcelo                      ,Amin                               ,N,N,N,J,N,KUNDER UNDER 18 ÅR                 ,N,N,N,N,N,N,N,N,N,N,N
4519,18040714045,P,01200,Christen Mila                      ,Zhang                              ,N,N,N,J,N,KUNDER UNDER 18 ÅR                 ,N,N,N,N,N,N,N,N,N,N,N
4519,26050931705,P,00102,Øyvor Matias                       ,Aass                               ,N,N,N,J,N,KUNDER UNDER 18 ÅR                 ,N,N,N,N,N,N,N,N,N,N,N
4519,23020934875,P,00102,Afrim Norunn                       ,Lagesen                            ,N,N,N,J,N,KUNDER UNDER 18 ÅR                 ,N,N,N,N,N,N,N,N,N,N,N
4519,16071352041,P,01200,Aline Ion                          ,Moldskred                          ,N,N,N,J,N,KUNDER UNDER 18 ÅR                 ,N,N,N,N,N,N,N,N,N,N,N
4519,24051426513,P,01200,Marna Ask                          ,Kjøsnes                            ,N,N,N,J,N,KUNDER UNDER 18 ÅR                 ,N,N,N,N,N,N,N,N,N,N,N
4519,25060963331,P,01200,Hallstein Jette                    ,Tjelta                             ,N,N,N,J,N,KUNDER UNDER 18 ÅR                 ,N,N,N,N,N,N,N,N,N,N,N
4519,22011230311,P,00102,Semhar Boye                        ,Teigen                             ,N,N,N,J,N,KUNDER UNDER 18 ÅR                 ,N,N,N,N,N,N,N,N,N,N,N
4519,23081116296,P,01200,Fillip Jessica                     ,Nylund                             ,N,N,N,J,N,KUNDER UNDER 18 ÅR                 ,N,N,N,N,N,N,N,N,N,N,N
4519,11090607105,P,01200,Rino Ragnhild                      ,Hassel                             ,N,N,N,J,N,KUNDER UNDER 18 ÅR                 ,N,N,N,N,N,N,N,N,N,N,N
4519,03091111690,P,00900,Ernestas Herlaug                   ,Vedå                               ,N,N,N,J,N,KUNDER UNDER 18 ÅR                 ,N,N,N,N,N,N,N,N,N,N,N
4519,16091321673,P,00800,Dordi Marcelo                      ,Selmer                             ,N,N,N,J,N,KUNDER UNDER 18 ÅR                 ,N,N,N,N,N,N,N,N,N,N,N
4519,30030623343,P,00102,Edna Thom                          ,Hellevik                           ,N,N,N,J,N,KUNDER UNDER 18 ÅR                 ,N,N,N,N,N,N,N,N,N,N,N
4519,21081275340,P,00800,Svitlana Babak                     ,Sveberg                            ,N,N,N,J,N,KUNDER UNDER 18 ÅR                 ,N,N,N,N,N,N,N,N,N,N,N
4519,02070681415,P,00102,Marlena Leiv                       ,Leknes                             ,N,N,N,J,N,KUNDER UNDER 18 ÅR                 ,N,N,N,N,N,N,N,N,N,N,N
4519,12021476941,P,00800,Gunnel Alex                        ,Homme                              ,N,N,N,J,N,KUNDER UNDER 18 ÅR                 ,N,N,N,N,N,N,N,N,N,N,N
4519,31070618357,P,00800,Ellen-Marie Emilio                 ,Eilertsen                          ,N,N,N,J,N,KUNDER UNDER 18 ÅR                 ,N,N,N,N,N,N,N,N,N,N,N
4519,20100911672,P,01200,Linn-Kristin Varg                  ,Andersen                           ,N,N,N,J,N,KUNDER UNDER 18 ÅR                 ,N,N,N,N,N,N,N,N,N,N,N
4519,25040927150,P,00102,Zlatko Wencke                      ,Rønning                            ,N,N,N,J,N,KUNDER UNDER 18 ÅR                 ,N,N,N,N,N,N,N,N,N,N,N
4519,21041026461,P,00102,Fillip Ifrah                       ,Oppegård                           ,N,N,N,J,N,KUNDER UNDER 18 ÅR                 ,N,N,N,N,N,N,N,N,N,N,N
4519,08020730340,P,01200,Åsne Alv                           ,Ulvund                             ,J,N,N,J,N,KUNDER UNDER 18 ÅR                 ,N,N,N,N,N,N,N,N,N,N,N
4519,11100739153,P,01200,Ramona Ion                         ,Busk                               ,N,N,N,J,N,KUNDER UNDER 18 ÅR                 ,N,N,N,N,N,N,N,N,N,N,N
4519,28061427424,P,00102,Anna-Karin Dmitri                  ,Halse                              ,J,N,N,J,N,KUNDER UNDER 18 ÅR                 ,N,N,N,N,N,N,N,N,N,N,N
4519,20040662015,P,00900,Ambjørg Samuel                     ,Petterson                          ,N,N,N,J,N,KUNDER UNDER 18 ÅR                 ,N,N,N,N,N,N,N,N,N,N,N
4519,20060676756,P,00800,Tore Oddlaug                       ,Opsal                              ,N,N,N,J,N,KUNDER UNDER 18 ÅR                 ,N,N,N,N,N,N,N,N,N,N,N
4519,26100605421,P,00800,Jeanne Sasa                        ,Moldskred                          ,N,N,N,J,N,KUNDER UNDER 18 ÅR                 ,N,N,N,N,N,N,N,N,N,N,N
4519,29060655292,P,00102,Margunn Asbjørn                    ,Malm                               ,N,N,N,J,N,KUNDER UNDER 18 ÅR                 ,N,N,N,N,N,N,N,N,N,N,N
4519,26121284099,P,00900,Raja Fatemeh                       ,Lyng                               ,N,N,N,J,N,KUNDER UNDER 18 ÅR                 ,N,N,N,N,N,N,N,N,N,N,N
4519,26091112867,P,00102,Alexandre Arna                     ,Grønn                              ,N,N,N,J,N,KUNDER UNDER 18 ÅR                 ,N,N,N,N,N,N,N,N,N,N,N
4519,04081575954,P,00102,Gregor Khadija                     ,Wulff                              ,N,N,N,J,N,KUNDER UNDER 18 ÅR                 ,N,N,N,N,N,N,N,N,N,N,N
4519,28081475174,P,00900,Søren Norma                        ,Runde                              ,J,N,N,J,N,KUNDER UNDER 18 ÅR                 ,N,N,N,N,N,N,N,N,N,N,N
4519,04071207388,P,00800,Eli Boye                           ,Kristoffersen                      ,N,N,N,J,N,KUNDER UNDER 18 ÅR                 ,N,N,N,N,N,N,N,N,N,N,N
4519,16030927552,P,01200,Mussie Gudlaug                     ,Tallaksen                          ,N,N,N,J,N,KUNDER UNDER 18 ÅR                 ,N,N,N,N,N,N,N,N,N,N,N
4519,25041415897,P,00800,Brian Daria                        ,Borge                              ,N,N,N,J,N,KUNDER UNDER 18 ÅR                 ,N,N,N,N,N,N,N,N,N,N,N
4519,17011013244,P,00800,Nataniel Erica                     ,Nybakken                           ,N,N,N,J,N,KUNDER UNDER 18 ÅR                 ,N,N,N,N,N,N,N,N,N,N,N
4519,21050603013,P,00102,Cesar Laila                        ,Fure                               ,N,N,N,J,N,KUNDER UNDER 18 ÅR                 ,N,N,N,N,N,N,N,N,N,N,N
4519,04010701967,P,00102,Berit Ingvard                      ,Sørbø                              ,J,N,N,J,N,KUNDER UNDER 18 ÅR                 ,N,N,N,N,N,N,N,N,N,N,N
4519,01070627341,P,00900,Marcelo Esma                       ,Bull                               ,N,N,N,J,N,KUNDER UNDER 18 ÅR                 ,N,N,N,N,N,N,N,N,N,N,N
4519,20081526215,P,01200,Sajjad Karoline                    ,Bjørkmo                            ,N,N,N,J,N,KUNDER UNDER 18 ÅR                 ,N,N,N,N,N,N,N,N,N,N,N
4519,20051516282,P,00102,Rizwan Helene                      ,Slåtten                            ,N,N,N,J,N,KUNDER UNDER 18 ÅR                 ,N,N,N,N,N,N,N,N,N,N,N
4519,23031310164,P,00102,Edita Fridtjov                     ,Mostue                             ,N,N,N,J,N,KUNDER UNDER 18 ÅR                 ,N,N,N,N,N,N,N,N,N,N,N
4519,19051017032,P,00800,Sead Herborg                       ,Ofstad                             ,N,N,N,J,N,KUNDER UNDER 18 ÅR                 ,N,N,N,N,N,N,N,N,N,N,N
4519,07111310712,P,01200,Ngoc Ulrik                         ,Vevang                             ,N,N,N,J,N,KUNDER UNDER 18 ÅR                 ,N,N,N,N,N,N,N,N,N,N,N
4519,05121103615,P,00900,Maryann Jack                       ,Remme                              ,N,N,N,J,N,KUNDER UNDER 18 ÅR                 ,N,N,N,N,N,N,N,N,N,N,N
4519,17030603087,P,01200,Laima Magnus                       ,Frisvold                           ,N,N,N,J,N,KUNDER UNDER 18 ÅR                 ,N,N,N,N,N,N,N,N,N,N,N
4519,27081069463,P,01200,Alexandre Cathinka                 ,Hågensen                           ,N,N,N,J,N,KUNDER UNDER 18 ÅR                 ,N,N,N,N,N,N,N,N,N,N,N
4519,01030977439,P,00102,Mariana Erik                       ,Schøyen                            ,N,N,N,J,N,KUNDER UNDER 18 ÅR                 ,N,N,N,N,N,N,N,N,N,N,N
4519,26090755195,P,00900,Maricel Carsten                    ,Lein                               ,N,N,N,J,N,KUNDER UNDER 18 ÅR                 ,N,N,N,N,N,N,N,N,N,N,N
4519,18071223732,P,00800,Dagfrid Staffan                    ,Ruud                               ,N,N,N,J,N,KUNDER UNDER 18 ÅR                 ,N,N,N,N,N,N,N,N,N,N,N
4519,21070834089,P,00800,Amy Henri                          ,Sleire                             ,N,N,N,J,N,KUNDER UNDER 18 ÅR                 ,N,N,N,N,N,N,N,N,N,N,N
4519,08011207384,P,00102,Bjarte Ulla                        ,Helgestad                          ,N,N,N,J,N,KUNDER UNDER 18 ÅR                 ,N,N,N,N,N,N,N,N,N,N,N
4519,11061419529,P,01200,Filippa Willy                      ,Slåtten                            ,N,N,N,J,N,KUNDER UNDER 18 ÅR                 ,N,N,N,N,N,N,N,N,N,N,N
4519,08071026796,P,01200,Elly Paulo                         ,Bøhn                               ,N,N,N,J,N,KUNDER UNDER 18 ÅR                 ,N,N,N,N,N,N,N,N,N,N,N
4519,23090819402,P,00102,Eldri Samuel                       ,Sollid                             ,N,N,N,J,N,KUNDER UNDER 18 ÅR                 ,N,N,N,N,N,N,N,N,N,N,N
4519,05071617868,P,00102,Thelma Sune                        ,Børseth                            ,N,N,N,J,N,KUNDER UNDER 18 ÅR                 ,N,N,N,N,N,N,N,N,N,N,N
4519,24090866156,P,01200,Pernilla Benn                      ,Polden                             ,N,N,N,J,N,KUNDER UNDER 18 ÅR                 ,N,N,N,N,N,N,N,N,N,N,N
4519,22120705052,P,00800,Frithjof Ayla                      ,Homme                              ,N,N,N,J,N,KUNDER UNDER 18 ÅR                 ,N,N,N,N,N,N,N,N,N,N,N
4519,18111177755,P,01200,Magdalena Abdulahi                 ,Hall                               ,N,N,N,J,N,KUNDER UNDER 18 ÅR                 ,N,N,N,N,N,N,N,N,N,N,N
4519,07071112289,P,00900,Fillip Belinda                     ,Holgersen                          ,N,N,N,J,N,KUNDER UNDER 18 ÅR                 ,N,N,N,N,N,N,N,N,N,N,N
4519,02021133062,P,01200,Christina Sindre                   ,Lynum                              ,N,N,N,J,N,KUNDER UNDER 18 ÅR                 ,N,N,N,N,N,N,N,N,N,N,N
4519,09050615380,P,01200,Thorild Jan-Inge                   ,Kaspersen                          ,N,N,N,J,N,KUNDER UNDER 18 ÅR                 ,N,N,N,N,N,N,N,N,N,N,N
4519,17110838204,P,00900,Anine Jan-Olav                     ,Lid                                ,N,N,N,J,N,KUNDER UNDER 18 ÅR                 ,N,N,N,N,N,N,N,N,N,N,N
4519,24020603565,P,00900,Mohamad Vilde                      ,Haraldseid                         ,N,N,N,J,N,KUNDER UNDER 18 ÅR                 ,N,N,N,N,N,N,N,N,N,N,N
4519,13070967051,P,00800,Hildegard Duc                      ,Ramsøy                             ,N,N,N,J,N,KUNDER UNDER 18 ÅR                 ,N,N,N,N,N,N,N,N,N,N,N
4519,02091330159,P,00102,Ann-Katrin Sverre                  ,Yri                                ,N,N,N,J,N,KUNDER UNDER 18 ÅR                 ,N,N,N,N,N,N,N,N,N,N,N
4519,02081109128,P,01200,Carolyn Staffan                    ,Elde                               ,N,N,N,J,N,KUNDER UNDER 18 ÅR                 ,N,N,N,N,N,N,N,N,N,N,N
4519,29060771640,P,00800,Knud Åste                          ,Grønning                           ,N,N,N,J,N,KUNDER UNDER 18 ÅR                 ,N,N,N,N,N,N,N,N,N,N,N
4519,15030709133,P,01200,Kamila Torsten                     ,Evjen                              ,N,N,N,J,N,KUNDER UNDER 18 ÅR                 ,N,N,N,N,N,N,N,N,N,N,N
4519,26060911346,P,01200,Jens Ylva                          ,Lynum                              ,N,N,N,J,N,KUNDER UNDER 18 ÅR                 ,N,N,N,N,N,N,N,N,N,N,N
4519,24041202978,P,00800,Alia Sigve                         ,Skauen                             ,N,N,N,J,N,KUNDER UNDER 18 ÅR                 ,N,N,N,N,N,N,N,N,N,N,N
4519,16090702487,P,00102,Ole-Jacob Anne-Berit               ,Schanche                           ,N,N,N,J,N,KUNDER UNDER 18 ÅR                 ,N,N,N,N,N,N,N,N,N,N,N
4519,27080706761,P,00800,Kathleen Agnar                     ,Vevang                             ,N,N,N,J,N,KUNDER UNDER 18 ÅR                 ,N,N,N,N,N,N,N,N,N,N,N
4519,04101510838,P,01200,Ilona Ben                          ,Vassbotn                           ,N,N,N,J,N,KUNDER UNDER 18 ÅR                 ,N,N,N,N,N,N,N,N,N,N,N
4519,22011205562,P,00800,Eli Boye                           ,Bergli                             ,N,N,N,J,N,KUNDER UNDER 18 ÅR                 ,N,N,N,N,N,N,N,N,N,N,N
4519,07091527434,P,00102,Eduardo Vilde                      ,Bru                                ,N,N,N,J,N,KUNDER UNDER 18 ÅR                 ,N,N,N,N,N,N,N,N,N,N,N
4519,31080769337,P,00800,Andres Christa                     ,Brænden                            ,N,N,N,J,N,KUNDER UNDER 18 ÅR                 ,N,N,N,N,N,N,N,N,N,N,N
4519,11040913159,P,00900,Milly Fabio                        ,Høgset                             ,N,N,N,J,N,KUNDER UNDER 18 ÅR                 ,N,N,N,N,N,N,N,N,N,N,N
4519,28121403708,P,00800,Tom-Arne Caroline                  ,Ofstad                             ,N,N,N,J,N,KUNDER UNDER 18 ÅR                 ,N,N,N,N,N,N,N,N,N,N,N
4519,13120637260,P,01200,Kirstin Dani                       ,Nord                               ,N,N,N,J,N,KUNDER UNDER 18 ÅR                 ,N,N,N,N,N,N,N,N,N,N,N
4519,19061260504,P,00102,Ellisiv Torbjørn                   ,Opsal                              ,N,N,N,J,N,KUNDER UNDER 18 ÅR                 ,N,N,N,N,N,N,N,N,N,N,N
4519,23081116105,P,00900,Uno Gunhild                        ,Runde                              ,J,N,N,J,N,KUNDER UNDER 18 ÅR                 ,N,N,N,N,N,N,N,N,N,N,N
4519,23050629392,P,00800,Hasan Dana                         ,Torland                            ,N,N,N,J,N,KUNDER UNDER 18 ÅR                 ,N,N,N,N,N,N,N,N,N,N,N
4519,19100879118,P,00102,Sari Bjørn-Inge                    ,Holberg                            ,N,N,N,J,N,KUNDER UNDER 18 ÅR                 ,N,N,N,N,N,N,N,N,N,N,N
4519,20111513466,P,00102,Knut-Erik Bergljot                 ,Aarsand                            ,N,N,N,J,N,KUNDER UNDER 18 ÅR                 ,N,N,N,N,N,N,N,N,N,N,N
4519,11101055835,P,00102,Mika Hild                          ,Granly                             ,N,N,N,J,N,KUNDER UNDER 18 ÅR                 ,N,N,N,N,N,N,N,N,N,N,N
4519,07031029753,P,01200,Åste Eigil                         ,Tveit                              ,N,N,N,J,N,KUNDER UNDER 18 ÅR                 ,N,N,N,N,N,N,N,N,N,N,N
4519,31070726915,P,00102,Reidun Hans-Christian              ,Grytten                            ,N,N,N,J,N,KUNDER UNDER 18 ÅR                 ,N,N,N,N,N,N,N,N,N,N,N
4519,06081225441,P,00102,Mateusz Michelle                   ,Valberg                            ,N,N,N,J,N,KUNDER UNDER 18 ÅR                 ,N,N,N,N,N,N,N,N,N,N,N
4519,10110906191,P,00900,Knud Egle                          ,Westerlund                         ,N,N,N,J,N,KUNDER UNDER 18 ÅR                 ,N,N,N,N,N,N,N,N,N,N,N
4519,10080644685,P,00900,Tron Hilda                         ,Systad                             ,N,N,N,J,N,KUNDER UNDER 18 ÅR                 ,N,N,N,N,N,N,N,N,N,N,N
4519,14051535309,P,04511,Tommy Siril                        ,Vevang                             ,N,N,N,J,N,KUNDER UNDER 18 ÅR                 ,N,N,N,N,N,N,N,N,N,N,N
4519,15100813405,P,01200,Oskar Anke                         ,Høyer                              ,N,N,N,J,N,KUNDER UNDER 18 ÅR                 ,N,N,N,N,N,N,N,N,N,N,N
4519,16020827894,P,00102,Mogens Christa                     ,Ottersen                           ,N,N,N,J,N,KUNDER UNDER 18 ÅR                 ,N,N,N,N,N,N,N,N,N,N,N
4519,15060616512,P,01200,Wivi Hans-Christian                ,Hellenes                           ,N,N,N,J,N,KUNDER UNDER 18 ÅR                 ,N,N,N,N,N,N,N,N,N,N,N
4519,30090710385,P,00900,Zdzislaw Paola                     ,Gustavsen                          ,N,N,N,J,N,KUNDER UNDER 18 ÅR                 ,N,N,N,N,N,N,N,N,N,N,N
4519,01091130420,P,00102,Niklas Sigrun                      ,Sandvik                            ,N,N,N,J,N,KUNDER UNDER 18 ÅR                 ,N,N,N,N,N,N,N,N,N,N,N
4519,20031602824,P,00102,Celina Knut-Erik                   ,Ims                                ,N,N,N,J,N,KUNDER UNDER 18 ÅR                 ,N,N,N,N,N,N,N,N,N,N,N
4519,21071070422,P,01200,Elly Bjørge                        ,Nilssen                            ,N,N,N,J,N,KUNDER UNDER 18 ÅR                 ,N,N,N,N,N,N,N,N,N,N,N
4519,26121627557,P,00102,Sead Evelina                       ,Askvik                             ,J,N,N,J,N,KUNDER UNDER 18 ÅR                 ,N,N,N,N,N,N,N,N,N,N,N
4519,08071421601,P,00900,Urszula Melvin                     ,Øygard                             ,N,N,N,J,N,KUNDER UNDER 18 ÅR                 ,N,N,N,N,N,N,N,N,N,N,N
4519,11020827647,P,01200,Catharina Kato                     ,Glad                               ,N,N,N,J,N,KUNDER UNDER 18 ÅR                 ,N,N,N,N,N,N,N,N,N,N,N
4519,12040611396,P,00102,Kornelia Kenneth                   ,Lysgård                            ,N,N,N,J,N,KUNDER UNDER 18 ÅR                 ,N,N,N,N,N,N,N,N,N,N,N
4519,29071040508,P,00800,Marcel Othilie                     ,Røysland                           ,N,N,N,J,N,KUNDER UNDER 18 ÅR                 ,N,N,N,N,N,N,N,N,N,N,N
4519,07041306461,P,01200,Yulia Marcelo                      ,Fardal                             ,J,N,N,J,N,KUNDER UNDER 18 ÅR                 ,N,N,N,N,N,N,N,N,N,N,N
4519,25061502516,P,00900,Eystein Jytte                      ,Slettum                            ,N,N,N,J,N,KUNDER UNDER 18 ÅR                 ,N,N,N,N,N,N,N,N,N,N,N
4519,02041323798,P,01200,Vasile Birthe                      ,Sirevåg                            ,N,N,N,J,N,KUNDER UNDER 18 ÅR                 ,N,N,N,N,N,N,N,N,N,N,N
4519,23071058913,P,01200,Morteza Sandra                     ,Trengereid                         ,N,N,N,J,N,KUNDER UNDER 18 ÅR                 ,N,N,N,N,N,N,N,N,N,N,N
4519,18041332952,P,00800,Lily Tron                          ,Nordmark                           ,N,N,N,J,N,KUNDER UNDER 18 ÅR                 ,N,N,N,N,N,N,N,N,N,N,N
4519,29101429391,P,00800,Viola Janne                        ,Sveberg                            ,N,N,N,J,N,KUNDER UNDER 18 ÅR                 ,N,N,N,N,N,N,N,N,N,N,N
4519,25011118073,P,00900,Bartosz Mathilde                   ,Guldberg                           ,N,N,N,J,N,KUNDER UNDER 18 ÅR                 ,N,N,N,N,N,N,N,N,N,N,N
4519,30101416301,P,00900,Morteza Sandra                     ,Anfinsen                           ,N,N,N,J,N,KUNDER UNDER 18 ÅR                 ,N,N,N,N,N,N,N,N,N,N,N
4519,06101208743,P,00102,Ingo Arlene                        ,Grøndal                            ,N,N,N,J,N,KUNDER UNDER 18 ÅR                 ,N,N,N,N,N,N,N,N,N,N,N
4519,11101319778,P,00102,Dorota Kim-Andre                   ,Fardal                             ,N,N,N,J,N,KUNDER UNDER 18 ÅR                 ,N,N,N,N,N,N,N,N,N,N,N
4519,10070815856,P,00900,Frida Muhamed                      ,Myhren                             ,N,N,N,J,N,KUNDER UNDER 18 ÅR                 ,N,N,N,N,N,N,N,N,N,N,N
4519,13110880590,P,01200,Ingo Halina                        ,Bruun                              ,N,N,N,J,N,KUNDER UNDER 18 ÅR                 ,N,N,N,N,N,N,N,N,N,N,N
4519,24111423292,P,00102,Sead Naima                         ,Rognerud                           ,N,N,N,J,N,KUNDER UNDER 18 ÅR                 ,N,N,N,N,N,N,N,N,N,N,N
4519,10030814598,P,00800,Benn Kristianne                    ,Nyhus                              ,N,N,N,J,N,KUNDER UNDER 18 ÅR                 ,N,N,N,N,N,N,N,N,N,N,N
4519,13121278655,P,01200,Sivert Lucie                       ,Grønning                           ,N,N,N,J,N,KUNDER UNDER 18 ÅR                 ,N,N,N,N,N,N,N,N,N,N,N
4519,25051411008,P,00900,Sajjad Rutt                        ,Wessel                             ,N,N,N,J,N,KUNDER UNDER 18 ÅR                 ,N,N,N,N,N,N,N,N,N,N,N
4519,08121226988,P,01200,Suzanne Kim-Andre                  ,Berstad                            ,N,N,N,J,N,KUNDER UNDER 18 ÅR                 ,N,N,N,N,N,N,N,N,N,N,N
4519,09011436398,P,00800,Zdzislaw Susann                    ,Nyvold                             ,N,N,N,J,N,KUNDER UNDER 18 ÅR                 ,N,N,N,N,N,N,N,N,N,N,N
4519,28061108310,P,00102,Biniam Gertrud                     ,Randen                             ,N,N,N,J,N,KUNDER UNDER 18 ÅR                 ,N,N,N,N,N,N,N,N,N,N,N
4519,02010700186,P,00102,Søren Anine                        ,Edvardsen                          ,N,N,N,J,N,KUNDER UNDER 18 ÅR                 ,N,N,N,N,N,N,N,N,N,N,N
4519,10030724459,P,00900,Petr Zara                          ,Johnstad                           ,N,N,N,J,N,KUNDER UNDER 18 ÅR                 ,N,N,N,N,N,N,N,N,N,N,N
4519,14021503844,P,01200,Ellen-Marie Miguel                 ,Osmundsen                          ,N,N,N,J,N,KUNDER UNDER 18 ÅR                 ,N,N,N,N,N,N,N,N,N,N,N
4519,19071026968,P,00900,Nils Bertha                        ,Opsal                              ,N,N,N,J,N,KUNDER UNDER 18 ÅR                 ,N,N,N,N,N,N,N,N,N,N,N
4519,19071209698,P,00800,Tron Marlena                       ,Algrøy                             ,N,N,N,J,N,KUNDER UNDER 18 ÅR                 ,N,N,N,N,N,N,N,N,N,N,N
4519,27051035726,P,00800,Darius Laima                       ,Fjær                               ,N,N,N,J,N,KUNDER UNDER 18 ÅR                 ,N,N,N,N,N,N,N,N,N,N,N
4519,24110711162,P,01200,Ingmar Erle                        ,Omdahl                             ,N,N,N,J,N,KUNDER UNDER 18 ÅR                 ,N,N,N,N,N,N,N,N,N,N,N
4519,01021113189,P,00102,Erland Marzena                     ,Nærland                            ,N,N,N,J,N,KUNDER UNDER 18 ÅR                 ,N,N,N,N,N,N,N,N,N,N,N
4519,30090605379,P,01200,Fredrik Monja                      ,Holter                             ,N,N,N,J,N,KUNDER UNDER 18 ÅR                 ,N,N,N,N,N,N,N,N,N,N,N
4519,25111118283,P,00102,Knut-Erik Ingelin                  ,Morland                            ,N,N,N,J,N,KUNDER UNDER 18 ÅR                 ,N,N,N,N,N,N,N,N,N,N,N
4519,13060631926,P,01200,Asle Rosemarie                     ,Fure                               ,N,N,N,J,N,KUNDER UNDER 18 ÅR                 ,N,N,N,N,N,N,N,N,N,N,N
4519,13090917603,P,00900,Edgar Irena                        ,Pollestad                          ,N,N,N,J,N,KUNDER UNDER 18 ÅR                 ,N,N,N,N,N,N,N,N,N,N,N
4519,06061318567,P,00800,Wojciech Evita                     ,Bergli                             ,N,N,N,J,N,KUNDER UNDER 18 ÅR                 ,N,N,N,N,N,N,N,N,N,N,N
4519,01101200724,P,00800,Knud Tale                          ,Bjørnestad                         ,N,N,N,J,N,KUNDER UNDER 18 ÅR                 ,N,N,N,N,N,N,N,N,N,N,N
4519,02021415696,P,01200,Zahra Halstein                     ,Aukland                            ,N,N,N,J,N,KUNDER UNDER 18 ÅR                 ,N,N,N,N,N,N,N,N,N,N,N
4519,17111412553,P,01200,Agnieszka Edward                   ,Heen                               ,N,N,N,J,N,KUNDER UNDER 18 ÅR                 ,N,N,N,N,N,N,N,N,N,N,N
4519,31100621854,P,01200,Dawid Hennie                       ,Brekka                             ,N,N,N,J,N,KUNDER UNDER 18 ÅR                 ,N,N,N,N,N,N,N,N,N,N,N
4519,09011304610,P,00102,Synøve Mehran                      ,Mauseth                            ,N,N,N,J,N,KUNDER UNDER 18 ÅR                 ,N,N,N,N,N,N,N,N,N,N,N
4519,11071019464,P,00102,Henrik Martyna                     ,Bjerga                             ,N,N,N,J,N,KUNDER UNDER 18 ÅR                 ,N,N,N,N,N,N,N,N,N,N,N
4519,05021520529,P,00900,Margrethe Steingrim                ,Tveito                             ,N,N,N,J,N,KUNDER UNDER 18 ÅR                 ,N,N,N,N,N,N,N,N,N,N,N
4519,05060732576,P,01200,Maya Tron                          ,Emberland                          ,N,N,N,J,N,KUNDER UNDER 18 ÅR                 ,N,N,N,N,N,N,N,N,N,N,N
4519,13021134451,P,00900,Daiva Julian                       ,Nedrebø                            ,N,N,N,J,N,KUNDER UNDER 18 ÅR                 ,N,N,N,N,N,N,N,N,N,N,N
4519,09090629597,P,00800,Pablo Yulia                        ,Lindqvist                          ,N,N,N,J,N,KUNDER UNDER 18 ÅR                 ,N,N,N,N,N,N,N,N,N,N,N
4519,18021334711,P,00900,Julio Ariana                       ,Berstad                            ,N,N,N,J,N,KUNDER UNDER 18 ÅR                 ,N,N,N,N,N,N,N,N,N,N,N
4519,16111135553,P,00800,Nimo Trond                         ,Vaa                                ,N,N,N,J,N,KUNDER UNDER 18 ÅR                 ,N,N,N,N,N,N,N,N,N,N,N
4519,31101308297,P,00102,Oluf Renee                         ,Andreassen                         ,N,N,N,J,N,KUNDER UNDER 18 ÅR                 ,N,N,N,N,N,N,N,N,N,N,N
4519,15030617417,P,00900,Tron Marlena                       ,Lima                               ,N,N,N,J,N,KUNDER UNDER 18 ÅR                 ,N,N,N,N,N,N,N,N,N,N,N
4519,15020821741,P,01200,Jasmine Dean                       ,Fylkesnes                          ,N,N,N,J,N,KUNDER UNDER 18 ÅR                 ,N,N,N,N,N,N,N,N,N,N,N
4519,25020920516,P,01200,Dagrunn Julian                     ,Gram                               ,N,N,N,J,N,KUNDER UNDER 18 ÅR                 ,N,N,N,N,N,N,N,N,N,N,N
4519,09101301793,P,00900,Heine Marcela                      ,Sørhaug                            ,N,N,N,J,N,KUNDER UNDER 18 ÅR                 ,N,N,N,N,N,N,N,N,N,N,N
4519,23121512750,P,00102,Tor-Inge Kariann                   ,Rekkedal                           ,J,N,N,J,N,KUNDER UNDER 18 ÅR                 ,N,N,N,N,N,N,N,N,N,N,N
4519,01090966622,P,00900,Sylva Marcelo                      ,Huseby                             ,N,N,N,J,N,KUNDER UNDER 18 ÅR                 ,N,N,N,N,N,N,N,N,N,N,N
4519,10101136251,P,00900,Mathilde Duy                       ,Mikalsen                           ,N,N,N,J,N,KUNDER UNDER 18 ÅR                 ,N,N,N,N,N,N,N,N,N,N,N
4519,17040958282,P,00900,Teodor Suzana                      ,Fuglem                             ,N,N,N,J,N,KUNDER UNDER 18 ÅR                 ,N,N,N,N,N,N,N,N,N,N,N
4519,04070626808,P,00102,Anne-Cathrine Dario                ,Asghar                             ,N,N,N,J,N,KUNDER UNDER 18 ÅR                 ,N,N,N,N,N,N,N,N,N,N,N
4519,04091219684,P,00800,Irma Stein-Erik                    ,Hauglid                            ,N,N,N,J,N,KUNDER UNDER 18 ÅR                 ,N,N,N,N,N,N,N,N,N,N,N
4519,05010906743,P,00102,Torsten Irene                      ,Lam                                ,N,N,N,J,N,KUNDER UNDER 18 ÅR                 ,N,N,N,N,N,N,N,N,N,N,N
4519,18121604643,P,00900,Otilie Dario                       ,Engeseth                           ,N,N,N,J,N,KUNDER UNDER 18 ÅR                 ,N,N,N,N,N,N,N,N,N,N,N
4519,17021129917,P,01200,Huda Kenneth                       ,Bjørnø                             ,N,N,N,J,N,KUNDER UNDER 18 ÅR                 ,N,N,N,N,N,N,N,N,N,N,N
4519,31011020510,P,00800,Maria Tristan                      ,Blomberg                           ,N,N,N,J,N,KUNDER UNDER 18 ÅR                 ,N,N,N,N,N,N,N,N,N,N,N
4519,24050759683,P,00900,Ådne Birgitte                      ,Sommerstad                         ,N,N,N,J,N,KUNDER UNDER 18 ÅR                 ,N,N,N,N,N,N,N,N,N,N,N
4519,16091017257,P,01200,Anne-Gro Benn                      ,Ruud                               ,N,N,N,J,N,KUNDER UNDER 18 ÅR                 ,N,N,N,N,N,N,N,N,N,N,N
4519,14081115541,P,01200,Eli Boye                           ,Guldberg                           ,N,N,N,J,N,KUNDER UNDER 18 ÅR                 ,N,N,N,N,N,N,N,N,N,N,N
4519,16101220110,P,00800,Johan Natasa                       ,Monstad                            ,N,N,N,J,N,KUNDER UNDER 18 ÅR                 ,N,N,N,N,N,N,N,N,N,N,N
4519,14051207530,P,00900,Haldis Torbjørn                    ,Nepstad                            ,N,N,N,J,N,KUNDER UNDER 18 ÅR                 ,N,N,N,N,N,N,N,N,N,N,N
4519,07020611744,P,00900,Vebjørn Daniella                   ,Vigdal                             ,N,N,N,J,N,KUNDER UNDER 18 ÅR                 ,N,N,N,N,N,N,N,N,N,N,N
4519,02030935759,P,00102,Andrej Velaug                      ,Hjelseth                           ,N,N,N,J,N,KUNDER UNDER 18 ÅR                 ,N,N,N,N,N,N,N,N,N,N,N
4519,30111579950,P,00102,Magomed Josefine                   ,Ølmheim                            ,N,N,N,J,N,KUNDER UNDER 18 ÅR                 ,N,N,N,N,N,N,N,N,N,N,N
4519,22011118732,P,01200,Andrej Anne-Lill                   ,Kvammen                            ,N,N,N,J,N,KUNDER UNDER 18 ÅR                 ,N,N,N,N,N,N,N,N,N,N,N
4519,09111333510,P,00102,Shirin Thorleif                    ,Vika                               ,N,N,N,J,N,KUNDER UNDER 18 ÅR                 ,N,N,N,N,N,N,N,N,N,N,N
4519,05071204865,P,01200,Knut-Erik Justyna                  ,Haugom                             ,N,N,N,J,N,KUNDER UNDER 18 ÅR                 ,N,N,N,N,N,N,N,N,N,N,N
4519,20110911158,P,00102,Andrej Anne-Lill                   ,Grude                              ,N,N,N,J,N,KUNDER UNDER 18 ÅR                 ,N,N,N,N,N,N,N,N,N,N,N
4519,14121122384,P,00102,Azad Alexandra                     ,Lea                                ,N,N,N,J,N,KUNDER UNDER 18 ÅR                 ,N,N,N,N,N,N,N,N,N,N,N
4519,22061001569,P,01200,Jardar Jorid                       ,Tonstad                            ,N,N,N,J,N,KUNDER UNDER 18 ÅR                 ,N,N,N,N,N,N,N,N,N,N,N
4519,06011222798,P,00900,Trine Hai                          ,Egenes                             ,N,N,N,J,N,KUNDER UNDER 18 ÅR                 ,N,N,N,N,N,N,N,N,N,N,N
4519,20080823283,P,00800,Eve Staffan                        ,Steinnes                           ,N,N,N,J,N,KUNDER UNDER 18 ÅR                 ,N,N,N,N,N,N,N,N,N,N,N
4519,23060662436,P,00800,Rodney Tuyet                       ,Nyhus                              ,N,N,N,J,N,KUNDER UNDER 18 ÅR                 ,N,N,N,N,N,N,N,N,N,N,N
4519,14060635049,P,00900,Fatime Mikko                       ,Tryggestad                         ,N,N,N,J,N,KUNDER UNDER 18 ÅR                 ,N,N,N,N,N,N,N,N,N,N,N
4519,10070751602,P,00900,Joan Thorgeir                      ,Løland                             ,N,N,N,J,N,KUNDER UNDER 18 ÅR                 ,N,N,N,N,N,N,N,N,N,N,N
4519,11061008537,P,00102,Maren Agnar                        ,Osmundsen                          ,N,N,N,J,N,KUNDER UNDER 18 ÅR                 ,N,N,N,N,N,N,N,N,N,N,N
4519,17051635922,P,00102,Aina Ivo                           ,Espeseth                           ,N,N,N,J,N,KUNDER UNDER 18 ÅR                 ,N,N,N,N,N,N,N,N,N,N,N
4519,27040917751,P,00900,Johan Nataliya                     ,Lillegård                          ,N,N,N,J,N,KUNDER UNDER 18 ÅR                 ,N,N,N,N,N,N,N,N,N,N,N
4519,26041232934,P,01200,Ariel Hans                         ,Markhus                            ,N,N,N,J,N,KUNDER UNDER 18 ÅR                 ,N,N,N,N,N,N,N,N,N,N,N
4519,11051230967,P,00800,Valter Ulrika                      ,Thorud                             ,N,N,N,J,N,KUNDER UNDER 18 ÅR                 ,N,N,N,N,N,N,N,N,N,N,N
4519,19011320948,P,00800,Anne-Katrine Christen              ,Arnestad                           ,N,N,N,J,N,KUNDER UNDER 18 ÅR                 ,N,N,N,N,N,N,N,N,N,N,N
4519,26080932307,P,00800,Shahzad Lill                       ,Herfindal                          ,N,N,N,J,N,KUNDER UNDER 18 ÅR                 ,N,N,N,N,N,N,N,N,N,N,N
4519,13060809741,P,00102,Ramune Jari                        ,Steindal                           ,N,N,N,J,N,KUNDER UNDER 18 ÅR                 ,N,N,N,N,N,N,N,N,N,N,N
4519,11091102333,P,00800,Mirjam Francisco                   ,Tøndel                             ,N,N,N,J,N,KUNDER UNDER 18 ÅR                 ,N,N,N,N,N,N,N,N,N,N,N
4519,14020809710,P,00102,Suzanne Francisco                  ,Stornes                            ,N,N,N,J,N,KUNDER UNDER 18 ÅR                 ,N,N,N,N,N,N,N,N,N,N,N
4519,06101207879,P,00102,Patricia Stig                      ,Seldal                             ,N,N,N,J,N,KUNDER UNDER 18 ÅR                 ,N,N,N,N,N,N,N,N,N,N,N
4519,14091072611,P,00900,Ahmet Raquel                       ,Gåsland                            ,N,N,N,J,N,KUNDER UNDER 18 ÅR                 ,N,N,N,N,N,N,N,N,N,N,N
4519,03041321554,P,01200,Sead Aida                          ,Skjetne                            ,N,N,N,J,N,KUNDER UNDER 18 ÅR                 ,N,N,N,N,N,N,N,N,N,N,N
4519,29081704080,P,01200,Patricia Stig                      ,Svensson                           ,N,N,N,J,N,KUNDER UNDER 18 ÅR                 ,N,N,N,N,N,N,N,N,N,N,N
4519,18081040911,P,00102,Winnie Agnar                       ,Øksnes                             ,N,N,N,J,N,KUNDER UNDER 18 ÅR                 ,N,N,N,N,N,N,N,N,N,N,N
4519,22121606287,P,00800,Fillip Marika                      ,Christensen                        ,N,N,N,J,N,KUNDER UNDER 18 ÅR                 ,N,N,N,N,N,N,N,N,N,N,N
4519,27020960898,P,00900,Torild Evert                       ,Monstad                            ,N,N,N,J,N,KUNDER UNDER 18 ÅR                 ,N,N,N,N,N,N,N,N,N,N,N
4519,22041213756,P,00800,Abdirashid Elsebeth                ,Alver                              ,N,N,N,J,N,KUNDER UNDER 18 ÅR                 ,N,N,N,N,N,N,N,N,N,N,N
4519,19011177312,P,01200,Sara Sylwester                     ,Brunstad                           ,N,N,N,J,N,KUNDER UNDER 18 ÅR                 ,N,N,N,N,N,N,N,N,N,N,N
4519,12010732318,P,00900,Mika Madelene                      ,Fardal                             ,N,N,N,J,N,KUNDER UNDER 18 ÅR                 ,N,N,N,N,N,N,N,N,N,N,N
4519,13110732486,P,00900,Eivor Angel                        ,Borge                              ,N,N,N,J,N,KUNDER UNDER 18 ÅR                 ,N,N,N,N,N,N,N,N,N,N,N
4519,02071221221,P,01200,Uno Wencke                         ,Ervik                              ,N,N,N,J,N,KUNDER UNDER 18 ÅR                 ,N,N,N,N,N,N,N,N,N,N,N
4519,07121175481,P,00900,Usman Annabel                      ,Hjørnevik                          ,N,N,N,J,N,KUNDER UNDER 18 ÅR                 ,N,N,N,N,N,N,N,N,N,N,N
4519,31080906245,P,00900,Heather Varg                       ,Aaby                               ,N,N,N,J,N,KUNDER UNDER 18 ÅR                 ,N,N,N,N,N,N,N,N,N,N,N
4519,01031424301,P,00102,Bodhild Willy                      ,Stave                              ,N,N,N,J,N,KUNDER UNDER 18 ÅR                 ,N,N,N,N,N,N,N,N,N,N,N
4519,19050733206,P,01200,Fillip Jessica                     ,Alfredsen                          ,N,N,N,J,N,KUNDER UNDER 18 ÅR                 ,N,N,N,N,N,N,N,N,N,N,N
4519,08060814822,P,00102,Inga-Lill Øyvind                   ,Austad                             ,N,N,N,J,N,KUNDER UNDER 18 ÅR                 ,N,N,N,N,N,N,N,N,N,N,N
4519,10100603344,P,00900,Ruth Trym                          ,Lyshaug                            ,N,N,N,J,N,KUNDER UNDER 18 ÅR                 ,N,N,N,N,N,N,N,N,N,N,N
4519,11060820548,P,00102,Anne-Mette Florian                 ,Frøiland                           ,N,N,N,J,N,KUNDER UNDER 18 ÅR                 ,N,N,N,N,N,N,N,N,N,N,N
4519,19100903752,P,00800,Anne-Kristine Torgny               ,Egeland                            ,J,N,N,J,N,KUNDER UNDER 18 ÅR                 ,N,N,N,N,N,N,N,N,N,N,N
4519,16120945606,P,00800,Åshild Dmitri                      ,Fimland                            ,N,N,N,J,N,KUNDER UNDER 18 ÅR                 ,N,N,N,N,N,N,N,N,N,N,N
4519,06100704364,P,00102,Lilja Sune                         ,Brænden                            ,N,N,N,J,N,KUNDER UNDER 18 ÅR                 ,N,N,N,N,N,N,N,N,N,N,N
4519,16070637018,P,01200,Shukri Sune                        ,Rui                                ,N,N,N,J,N,KUNDER UNDER 18 ÅR                 ,N,N,N,N,N,N,N,N,N,N,N
